145884390 147326174 71.6003330362 
145884390 144311509 29.7774879575 
145884390 145097927 38.3651699522 
145884390 143131870 26.8020444056 
145884390 146539724 55.2044465532 
145884390 145687766 181.5614508734 
145884390 147588302 64.0922990317 
145884390 148702430 17.7841952389 
148047008 148767914 189.8414340265 
148047008 150013082 32.3938381827 
148047008 146801812 86.6206916114 
148047008 147653814 154.5353982805 
148047008 147391623 59.5027215483 
148047008 147784835 32.6905862938 
148047008 148374672 195.0174193707 
148047008 147260581 110.5560998117 
143590540 144180359 1176.1884454939 
143590540 144245899 499.2565864061 
143590540 143328391 341.1848283206 
143590540 143197327 206.6077748568 
143590540 142935175 44.0721884817 
143590540 143393925 176.4209119442 
143590540 143524999 450.1383382697 
143590540 142935180 84.1417841059 
130548925 130811052 55.2488112873 
130548925 131925177 21.9033769361 
130548925 131138718 11.8077509776 
130548925 131204272 72.7176132023 
130548925 128713937 5.2013125361 
130548925 129762515 19.5574160001 
130548925 131859620 21.9681343567 
130548925 131925187 24.1065647551 
127861993 130024695 14.6262633392 
127861993 128713955 44.8530342147 
127861993 129172705 34.8821513422 
127861993 128713937 8.1259589886 
127861993 128910570 71.2113012612 
127861993 129762515 9.5455333930 
127861993 128976114 28.1793227234 
127861993 128255209 541.0320638838 
141952139 141165699 146.2781353262 
141952139 141362300 142.0048760610 
141952139 142541956 195.0268476225 
141952139 142345361 223.6642769414 
141952139 142476419 36.0151853039 
141952139 143197327 25.2399809466 
141952139 142935175 23.0210561825 
141952139 142935180 37.4916816784 
141165699 141952139 115.9129257768 
141165699 140706938 192.1033569299 
141165699 140248201 238.9527388983 
141165699 141362300 736.3207680953 
141165699 139789435 51.8826262868 
141165699 142541956 58.0669878184 
141165699 142345361 31.4976991809 
141165699 142476419 11.6803428372 
140706938 141952139 37.2392392952 
140706938 141165699 231.9545504486 
140706938 140248201 200.8258076734 
140706938 139920531 33.4739399939 
140706938 141362300 416.5411151486 
140706938 139789435 132.2300503160 
140706938 142476419 5.7729024522 
140706938 138937466 11.4313689034 
140248201 141952139 35.8684985825 
140248201 141165699 131.4709592528 
140248201 140706938 91.5101776264 
140248201 139920531 203.7165130492 
140248201 141362300 95.4803036079 
140248201 139789435 105.7769517802 
140248201 138937466 13.3010199145 
140248201 138806409 12.7569169565 
139920531 141165699 49.5944024160 
139920531 140706938 32.7900725580 
139920531 140248201 437.9372654340 
139920531 139789435 44.8002645346 
139920531 141034666 34.7861087228 
139920531 138216588 15.8240103330 
139920531 139003036 38.1239084458 
139920531 138806409 15.8197842473 
139592885 140969147 26.2757179997 
139592885 141034666 47.7354899974 
139592885 140575940 17.7905161708 
139592885 139003064 82.4911705134 
139592885 140313805 35.7793609917 
139592885 139723976 42.1331554244 
139592885 138151104 32.7495843478 
139592885 139003036 14.8762631187 
141362300 141952139 78.5426678047 
141362300 141165699 513.9454066633 
141362300 140706938 240.7907899455 
141362300 140248201 121.1283806816 
141362300 139789435 45.4494306238 
141362300 142541956 65.9178938028 
141362300 142345361 24.5133221194 
141362300 142476419 13.7741273213 
130811052 130548925 40.9352322260 
130811052 131925177 21.5325871920 
130811052 131138718 55.2700635485 
130811052 131204272 372.7663764656 
130811052 132121750 16.8119784326 
130811052 131859620 70.6291474353 
130811052 132908187 13.0993211270 
130811052 131925187 13.7590852916 
135660794 133367010 12.9548621125 
135660794 132383998 1.7140796857 
135660794 138609894 9.9330212256 
135660794 135267536 9.8410715867 
135660794 137037019 19.0119004678 
135660794 135333074 40.3307887106 
135660794 138937597 3.2670681710 
135660794 133760251 4.4683134096 
131925177 130548925 28.2958766464 
131925177 130811052 37.5434320092 
131925177 131138718 14.1177118443 
131925177 133170355 24.4944390438 
131925177 131204272 97.3123988443 
131925177 131859620 50.1760611899 
131925177 132908187 15.0785335193 
131925177 131925187 109.6792482389 
134153372 133694617 65.6475232396 
134153372 133366928 3.3101801663 
134153372 133891211 16.4057534969 
134153372 134677645 21.6328319868 
134153372 132777101 2.5630038678 
134153372 135529629 4.2427051744 
134153372 135398544 27.7246434163 
134153372 132908187 47.3379965273 
130680066 132318481 1.5991688195 
130680066 130024695 82.3050956753 
130680066 129500422 14.5348591635 
130680066 128976114 11.2713064483 
130680066 128976145 11.3115781640 
130680066 132383998 6.2186348787 
130680066 131400952 17.7664798640 
130680066 131990768 3.9606337116 
132318481 130680066 5.0008356998 
132318481 130024695 9.8557331029 
132318481 129500422 2.5391782005 
132318481 132383998 10.9137132686 
132318481 131532078 1.1860772414 
132318481 133760251 3.7516056953 
132318481 131400952 4.7040437094 
132318481 131990768 2.4747056986 
129631528 130680066 2.3774555326 
129631528 132318481 0.6267413199 
129631528 130024695 7.2831866873 
129631528 129500422 3.9407859583 
129631528 132187468 0.2610044053 
129631528 128976145 15.3576705603 
129631528 131532078 1.4785107647 
129631528 128386355 2.7468834908 
142673079 142279852 59.0413716866 
142673079 141755577 49.3439905821 
142673079 142410913 14.5123930850 
142673079 141296837 23.3373897238 
142673079 142083277 26.2745601140 
142673079 143721646 37.0326265151 
142673079 142869675 35.8982820769 
142673079 143787200 23.8670808846 
153945202 155649134 10.5551366468 
153945202 154141858 2.8680062341 
153945202 154469533 5.8861057797 
153945202 156107885 7.4733681017 
153945202 154797195 13.0119713408 
153945202 152568938 23.3618292884 
153945202 151979147 7.2020730120 
153945202 155255969 2.7000462012 
155649134 153945202 13.1368101292 
155649134 154469533 4.4534971907 
155649134 157287553 6.7414789629 
155649134 159188083 2.0032693359 
155649134 156107885 162.5007374570 
155649134 154797195 10.2323736831 
155649134 152568938 5.3305057675 
155649134 155255969 2.6661842286 
131138718 130548925 12.0565236715 
131138718 130811052 76.1676508792 
131138718 131925177 11.1585343459 
131138718 131204272 59.5295296362 
131138718 132777101 1.8710981953 
131138718 132121750 51.4084269130 
131138718 131859620 142.7549147432 
131138718 132908187 23.3047108054 
130024695 130680066 18.5041532602 
130024695 129500422 15.9950830467 
130024695 128713955 11.3715303982 
130024695 129172705 23.9287103563 
130024695 128910570 39.2510235117 
130024695 128976114 37.5726851305 
130024695 131138783 9.9669481902 
130024695 131400952 9.2223391190 
140969147 139592885 16.9079784500 
140969147 141034666 96.8846628794 
140969147 141755577 66.5684775298 
140969147 140575940 67.3192540330 
140969147 141296837 115.5339773116 
140969147 140641486 22.2954268708 
140969147 140313805 58.8461582126 
140969147 139723976 29.8478561050 
139789435 141165699 60.5819261130 
139789435 140706938 127.8743224225 
139789435 140248201 224.4886322154 
139789435 141362300 76.0325634559 
139789435 138347641 93.3195878286 
139789435 138347649 17.3585643250 
139789435 138937466 48.6070615436 
139789435 138806409 14.5461201310 
133170355 131925177 25.0823039041 
133170355 134153372 36.1168600330 
133170355 131204272 22.0459582148 
133170355 134218936 65.0538953332 
133170355 133694617 5.1743130142 
133170355 131859620 36.1743844322 
133170355 132908187 28.4508213738 
133170355 131925187 18.3842018164 
131204272 130548925 46.8702195034 
131204272 130811052 324.2797157599 
131204272 131925177 48.5527098153 
131204272 131138718 37.5781075493 
131204272 133170355 10.7417328599 
131204272 132121750 16.9573540672 
131204272 131859620 91.5649982045 
131204272 131925187 23.2227891692 
134218936 131925177 8.1962437988 
134218936 134153372 34.4320678054 
134218936 133170355 34.5282770842 
134218936 133694617 3.7380816817 
134218936 135267536 21.4800639514 
134218936 135529629 1.6487571188 
134218936 135660716 5.4236043204 
134218936 135333074 68.5814839325 
129500422 130680066 12.6497443050 
129500422 129631528 0.1647689966 
129500422 130024695 61.9177156753 
129500422 128910570 20.0701155254 
129500422 128976114 21.5519728538 
129500422 128976145 52.6141830437 
129500422 131400952 3.9066613556 
129500422 128255209 15.9962970781 
128713955 127861993 169.3748329393 
128713955 130024695 22.8468176566 
128713955 129172705 299.9343956110 
128713955 128713937 18.3736675145 
128713955 128910570 293.8935970380 
128713955 129762515 24.3946715979 
128713955 128976114 41.0662093044 
128713955 128255209 225.3454508495 
133694617 134153372 464.2908185380 
133694617 133366928 8.8762035958 
133694617 133104773 34.7965372691 
133694617 133891211 24.3385476022 
133694617 134677645 17.0782278717 
133694617 132777101 4.9944062818 
133694617 132121750 25.5726535382 
133694617 132908187 114.9183976610 
141034666 139592885 13.2416573580 
141034666 140969147 41.7656168464 
141034666 142279852 26.0676575631 
141034666 141755577 27.9833908830 
141034666 142410913 14.1860984608 
141034666 140575940 10.8914227269 
141034666 141296837 19.4718359833 
141034666 142869675 7.2471751578 
129172705 127861993 75.3560580426 
129172705 130024695 27.5032457450 
129172705 128713955 171.5869006990 
129172705 128713937 19.6783816833 
129172705 128910570 176.9425021936 
129172705 129762515 44.4122568657 
129172705 128976114 33.1787507863 
129172705 128255209 75.2317007143 
133367010 131138783 7.6885588538 
133367010 132383998 3.9939133729 
133367010 135267536 15.7721166662 
133367010 135333074 59.0531948833 
133367010 133760251 5.2693504356 
133367010 131400952 2.8632156460 
133367010 131990768 4.5103787698 
133367010 131925187 7.8400638586 
128713937 130548925 10.8944046765 
128713937 127861993 45.1291193663 
128713937 128713955 27.0222205112 
128713937 129172705 50.5890708292 
128713937 128910570 27.1784013098 
128713937 129762515 48.8853279154 
128713937 128976114 8.9917062880 
128713937 128255209 30.1327443345 
133366928 134153372 94.2333833668 
133366928 133694617 35.7279960332 
133366928 133825665 13.3560516424 
133366928 133104773 121.0082612935 
133366928 133891211 56.1888126425 
133366928 132777101 18.7361601908 
133366928 132121750 37.4968802057 
133366928 132908187 98.7629602634 
133825665 133694617 6.5813973539 
133825665 133366928 3.4549273921 
133825665 135201916 6.2212903898 
133825665 133104773 122.0449414832 
133825665 133891211 49.0577249143 
133825665 134677645 20.0444782540 
133825665 132777101 4.2422294068 
133825665 134481016 5.7556570409 
135201916 133825665 7.9343590958 
135201916 135332977 17.1389057769 
135201916 134677645 17.7016612317 
135201916 134481016 7.6054502923 
135201916 136250489 21.4438163393 
135201916 135398544 33.7619755442 
135201916 135529607 36.9622684107 
135201916 136381580 25.4915767520 
133104773 133694617 7.9490578885 
133104773 133366928 6.8677305935 
133104773 133825665 26.7767077073 
133104773 133891211 27.9627407976 
133104773 132777101 18.7551579761 
133104773 134481016 1.7238784963 
133104773 132121750 28.7412593720 
133104773 132908187 34.1216786390 
135332977 133825665 4.7029910088 
135332977 135201916 22.7648547127 
135332977 134677645 7.0914155059 
135332977 134481016 4.7878668906 
135332977 136905859 9.4378587034 
135332977 136250489 21.7877624194 
135332977 135398544 14.4035087822 
135332977 135529607 11.0162816493 
133891211 134153372 88.2869642244 
133891211 133694617 18.5192464095 
133891211 133366928 10.6217751720 
133891211 133825665 35.8503845256 
133891211 133104773 93.1383965991 
133891211 134677645 42.4620858394 
133891211 132777101 5.8164092943 
133891211 134481016 2.3628272024 
134677645 134153372 93.4224539413 
134677645 133694617 10.4281902935 
134677645 133366928 2.3496723032 
134677645 133825665 11.7548925173 
134677645 135201916 8.1396653989 
134677645 133891211 34.0752315376 
134677645 135398544 106.8395016624 
134677645 135529607 26.6489511192 
132777101 134153372 41.0338164797 
132777101 133694617 11.3058903331 
132777101 133366928 10.5370754285 
132777101 133825665 9.2230128347 
132777101 133104773 185.8497559245 
132777101 133891211 17.3040279551 
132777101 132121750 81.2932062741 
132777101 132908187 83.6523875006 
134481016 133825665 20.2171126579 
134481016 135201916 20.9468043687 
134481016 133104773 27.5990085542 
134481016 135332977 9.9278023109 
134481016 133891211 11.3571606938 
134481016 134677645 13.8770618302 
134481016 136250489 7.8235742141 
134481016 135529607 11.3510347814 
128910570 127861993 137.2090185570 
128910570 130024695 40.2378223157 
128910570 128713955 149.9570223040 
128910570 129172705 157.8159851063 
128910570 128713937 9.4292122187 
128910570 129762515 17.6747618349 
128910570 128976114 149.8399705503 
128910570 128255209 195.6553975647 
129762515 130548925 20.1182490991 
129762515 128713955 17.6200976594 
129762515 129172705 56.0735846700 
129762515 128713937 24.0085917856 
129762515 128910570 25.0201680248 
129762515 128976114 9.0543065335 
129762515 131138783 14.9913388663 
129762515 128255209 19.1071005143 
137430155 138216588 78.3025843339 
137430155 136905859 65.6224093949 
137430155 138347649 30.3685039603 
137430155 137561239 113.9824297060 
137430155 137299070 58.2361273436 
137430155 137954428 29.3174521766 
137430155 136381580 57.7118201125 
137430155 136905868 123.5753627804 
137036973 136643779 56.1191318224 
137036973 139003064 7.3716333362 
137036973 137823414 30.3844993175 
137036973 138151104 30.0793297281 
137036973 135529629 2.3848017363 
137036973 137561239 31.1158768255 
137036973 135660716 7.7265436844 
137036973 136512668 14.9860317381 
128976114 127861993 94.3621848581 
128976114 130680066 4.5147523641 
128976114 130024695 66.9405716364 
128976114 129500422 9.9191803974 
128976114 128713955 36.4162314881 
128976114 129172705 51.4295302496 
128976114 128910570 260.4122320925 
128976114 128255209 96.0702542210 
131138783 130024695 20.8865310425 
131138783 129172705 18.0464421608 
131138783 133367010 20.2473875638 
131138783 128910570 14.3039620359 
131138783 129762515 21.6483301284 
131138783 131400952 5.9067501863 
131138783 131990768 6.1285719579 
131138783 131925187 12.0804620834 
132187468 130680066 0.6715134415 
132187468 132318481 0.3659597857 
132187468 129631528 0.0732557429 
132187468 129500422 0.7185790148 
132187468 128976145 1.7098988136 
132187468 132383998 0.6539339640 
132187468 131532078 1.1657505103 
132187468 128386355 0.3441336687 
128976145 130680066 4.7255432684 
128976145 129631528 0.3082305076 
128976145 130024695 19.4171764337 
128976145 129500422 25.2557607925 
128976145 128910570 11.3472810983 
128976145 128976114 10.3254067097 
128976145 128255209 10.9938132006 
128976145 128386355 0.9843036470 
148767914 148047008 109.9014381046 
148767914 150013082 48.7324872428 
148767914 149423292 142.9015449053 
148767914 148243655 138.5771195839 
148767914 147653814 188.7899083980 
148767914 148374672 77.2859891643 
148767914 147260581 34.1359973880 
148767914 150340788 46.6086684251 
154207401 153617586 52.9806512471 
154207401 153158825 30.3347863253 
154207401 154141858 129.3471209487 
154207401 154469565 12.3387536082 
154207401 154469533 69.6636050547 
154207401 152896697 61.8214627160 
154207401 152306855 22.6141050261 
154207401 155255969 22.2283494421 
153617586 154207401 51.3596662941 
153617586 153158825 58.4834555049 
153617586 154141858 20.6834884149 
153617586 153355465 27.4147071967 
153617586 154469565 17.9907889450 
153617586 154469533 18.5123375727 
153617586 152896697 237.7430100038 
153617586 152306855 36.4444763554 
153158825 154207401 33.0157121788 
153158825 153617586 65.6610546161 
153158825 154141858 24.4976871110 
153158825 154469565 6.5289269446 
153158825 154469533 20.9628824850 
153158825 151389356 56.7126604643 
153158825 152896697 145.9446985652 
153158825 152306855 109.4074150172 
156107943 154207401 10.0577768929 
156107943 153617586 5.6136901105 
156107943 154141858 7.3247872710 
156107943 154469565 4.7234055628 
156107943 157549757 3.9373833800 
156107943 154469533 15.7907141120 
156107943 154797195 8.7766155439 
156107943 155255969 34.6011125206 
154010850 156239068 5.6918442959 
154010850 153355465 20.7569376704 
154010850 154076368 21.0428552790 
154010850 154469565 3.6389713253 
154010850 153093339 23.2350156354 
154010850 151192798 2.8184425233 
154010850 151913670 31.2283594118 
154010850 152896697 20.4188624431 
154141858 154207401 161.9504494915 
154141858 153617586 26.7143294652 
154141858 153158825 28.1819308557 
154141858 154469565 6.8245732898 
154141858 154469533 221.8721662165 
154141858 154797195 16.4220137046 
154141858 152306855 23.5631694253 
154141858 155255969 24.5940496339 
156239068 154010850 6.6847750019 
156239068 153355465 6.8096002691 
156239068 154076368 5.8417233669 
156239068 154469565 3.1106765004 
156239068 158336214 12.9449204997 
156239068 153093339 2.5177833917 
156239068 158598378 4.4181417791 
156239068 157549757 2.7978317779 
153355465 153617586 15.6625454771 
153355465 153158825 7.3729564593 
153355465 154010850 10.4379791321 
153355465 154076368 41.3635081175 
153355465 154469565 12.1639090048 
153355465 153093339 16.0564672076 
153355465 151913670 115.5487771679 
153355465 152896697 130.8260789171 
154076368 153617586 9.0232363659 
154076368 154010850 23.0342859755 
154076368 156239068 5.4447418086 
154076368 153355465 90.0397556957 
154076368 154469565 12.9595000903 
154076368 153093339 16.2799045643 
154076368 151913670 48.0361684914 
154076368 152896697 47.4511368884 
157943051 154010850 1.5064446935 
157943051 156239068 2.2649068871 
157943051 154076368 1.0262895600 
157943051 154469565 0.5928494883 
157943051 158336214 4.5918766592 
157943051 153093339 0.7442297241 
157943051 158598378 5.2868996321 
157943051 157549757 0.6160212874 
154469565 154207401 19.8675599321 
154469565 153617586 29.8826114389 
154469565 153158825 9.6590701301 
154469565 154141858 8.7765402863 
154469565 153355465 35.3641129002 
154469565 154076368 17.3085589614 
154469565 152896697 69.6010115936 
154469565 155255969 7.5874661260 
158336214 156107943 2.3695263361 
158336214 156239068 6.3708274570 
158336214 154076368 1.7018536646 
158336214 157943051 1.1997115119 
158336214 154469565 1.3058887719 
158336214 158598378 14.9815392287 
158336214 157549757 4.9162680383 
158336214 158794907 0.6782275707 
153093339 153617586 4.9139585935 
153093339 154010850 31.9380857357 
153093339 153355465 43.8897156271 
153093339 154076368 20.4431437252 
153093339 154469565 3.8987894594 
153093339 151192798 6.1527597971 
153093339 151913670 72.9939753248 
153093339 152896697 34.2559799319 
158598378 156107943 1.3420690752 
158598378 154010850 1.6203915846 
158598378 156239068 4.5342738335 
158598378 154076368 1.3343784996 
158598378 157943051 2.8804432174 
158598378 154469565 0.8915153307 
158598378 158336214 31.2412265616 
158598378 157549757 1.6585985259 
157549757 154207401 2.8459564440 
157549757 156107943 8.2307226047 
157549757 156239068 4.7750169975 
157549757 154469565 2.4228058296 
157549757 158336214 17.0487452204 
157549757 158598378 2.7582047512 
157549757 158794907 1.5849547201 
157549757 155255969 3.5603336965 
154469533 154207401 51.3829776118 
154469533 153617586 14.0854161533 
154469533 153158825 14.2064181215 
154469533 156107943 11.0287872057 
154469533 154141858 130.7045646423 
154469533 154469565 5.0258072009 
154469533 154797195 29.4608923781 
154469533 155255969 44.2378650949 
142279852 142673079 55.3761583333 
142279852 140969147 19.8532294126 
142279852 141034666 79.1961753163 
142279852 141755577 41.3602837227 
142279852 142410913 57.4905401180 
142279852 143721646 25.7424751861 
142279852 142869675 68.2729865590 
142279852 143262874 15.9181152805 
142541956 141952139 184.5840609547 
142541956 142345361 90.6822856109 
142541956 142476419 2025.8238725741 
142541956 143328391 93.4981271266 
142541956 143197327 42.5653100078 
142541956 142935175 120.7408535246 
142541956 143393925 61.5009899970 
142541956 142935180 83.3249256445 
142345361 141952139 330.9688799571 
142345361 142541956 141.7794206106 
142345361 142476419 22.9964722225 
142345361 142410913 28.1045821078 
142345361 143197327 54.7855941455 
142345361 142935175 30.4009338707 
142345361 142935180 79.2099681682 
142345361 143262874 31.5271360660 
141755577 142673079 44.7211994689 
141755577 140969147 84.2456493785 
141755577 141034666 82.1514681381 
141755577 142279852 39.9665166671 
141755577 140575940 18.1555759834 
141755577 141296837 75.2530045084 
141755577 142083277 34.7669314318 
141755577 142869675 11.6020954563 
142476419 141952139 187.1269148378 
142476419 142541956 11121.2215580158 
142476419 142345361 80.7460501107 
142476419 143328391 77.4098103520 
142476419 143197327 35.5418117839 
142476419 142935175 83.9809813764 
142476419 143393925 52.3263190456 
142476419 142935180 64.2755327608 
142410913 142673079 17.4137296256 
142410913 141034666 55.1380686532 
142410913 142279852 73.5500153512 
142410913 142345361 62.9371843056 
142410913 143197327 20.1849101226 
142410913 142869675 37.0901922183 
142410913 142935180 16.6579541623 
142410913 143262874 40.1435131719 
136643779 137036973 29.1143343525 
136643779 135267536 29.8335351496 
136643779 138740943 16.1186378150 
136643779 137823414 13.9934477738 
136643779 138151104 37.1963586697 
136643779 135660716 4.4587098754 
136643779 137037019 42.6518958692 
136643779 135333074 107.4417649604 
132383998 130680066 6.2303615075 
132383998 132318481 3.4965718350 
132383998 130024695 14.2116799527 
132383998 133367010 22.3663066151 
132383998 131138783 6.5088796102 
132383998 133760251 8.3376857922 
132383998 131400952 15.4384696337 
132383998 131990768 11.9070725817 
139789529 140575940 13.6109706301 
139789529 138609894 47.5848045735 
139789529 140707031 78.4114859391 
139789529 141165793 25.0863253493 
139789529 140641486 30.4237877009 
139789529 140313805 120.1013345321 
139789529 138740943 52.5016378049 
139789529 139723976 52.9442331437 
147916045 145884390 13.0324545293 
147916045 151192798 1.0972210522 
147916045 147326174 16.3608559243 
147916045 146539724 9.2187276713 
147916045 148964555 12.4178048664 
147916045 145687766 11.8314881375 
147916045 147588302 19.5681590740 
147916045 148702430 13.7010508856 
151192798 154010850 4.2866727970 
151192798 153355465 10.1495764803 
151192798 153093339 6.8079318494 
151192798 150406347 61.1264637699 
151192798 149423292 32.6614419867 
151192798 148964555 39.0169771673 
151192798 151913670 79.1365549692 
151192798 148702430 23.5236291941 
147326174 145884390 60.1305133600 
147326174 146539724 92.1367429766 
147326174 148243655 174.7328169603 
147326174 147653814 49.5944744480 
147326174 148964555 59.5494022275 
147326174 145687766 73.6309257775 
147326174 147588302 285.3133978783 
147326174 148702430 76.6619580320 
144311509 145884390 37.5800942343 
144311509 142673079 5.8270547941 
144311509 145097927 125.6555402775 
144311509 143131870 118.4779225208 
144311509 146539724 36.0549823304 
144311509 145687766 114.7732804628 
144311509 142083277 12.7126692295 
144311509 143787200 17.1259154801 
145097927 145884390 28.5362813084 
145097927 144311509 74.0580181665 
145097927 143131870 33.3378033334 
145097927 146539724 87.0201474238 
145097927 146212013 54.0609105436 
145097927 145687766 159.0272201105 
145097927 143721646 11.6618462971 
145097927 143787200 19.8479108850 
147391609 147719283 800.7180537074 
147391609 147129468 1963.0584725284 
147391609 146343027 74.0336043751 
147391609 146998387 842.1807799736 
147391609 147391623 217.9643608432 
147391609 147784835 204.2064106314 
147391609 148243582 190.4859470830 
147391609 146998402 472.6712871647 
151389356 153617586 7.3831095464 
151389356 153158825 10.5857315809 
151389356 150013082 39.3418632775 
151389356 149423292 53.5630468637 
151389356 151913670 74.1463306343 
151389356 152896697 58.4147656212 
151389356 152306855 85.6590853158 
151389356 150340788 97.9747104878 
147719283 147391609 612.3202592154 
147719283 147129468 310.3783082265 
147719283 146998387 505.6237072990 
147719283 147391623 101.0737570861 
147719283 147784835 108.3224426215 
147719283 148243582 198.6498402294 
147719283 146998402 161.1874438864 
147719283 148964467 62.2428718743 
143131870 144311509 63.7352420449 
143131870 145097927 30.4290746260 
143131870 141755644 4.5903152904 
143131870 141296837 10.5956241675 
143131870 140707031 11.1774571960 
143131870 141165793 14.0924929580 
143131870 142083277 27.7429528113 
143131870 143787200 8.6648251201 
150013082 148047008 26.3244809701 
150013082 148767914 68.4074838978 
150013082 151389356 53.9976837187 
150013082 148374672 77.0030224033 
150013082 149685379 50.8427611127 
150013082 149750906 24.4873829902 
150013082 151979147 9.8272430912 
150013082 150340788 43.8794761769 
150406347 151192798 9.9096741829 
150406347 151389356 34.6440933397 
150406347 149423292 136.4195614560 
150406347 148243655 118.3250701144 
150406347 148964555 122.5274041421 
150406347 151913670 102.8222819354 
150406347 148702430 31.9233454371 
150406347 150340788 57.9177391893 
146539724 145884390 40.5889418288 
146539724 147326174 80.6652818546 
146539724 145097927 86.0187708486 
146539724 146212013 52.4100746579 
146539724 148243655 186.0808905689 
146539724 147653814 105.4573095567 
146539724 145687766 184.0645613250 
146539724 147588302 311.3962044965 
146801812 148047008 48.3690685768 
146801812 145622157 122.7450043048 
146801812 147391623 172.0177818600 
146801812 145622165 98.0987796035 
146801812 146211976 192.5273558456 
146801812 147784835 54.7150225827 
146801812 146998402 166.9773157440 
146801812 147260581 54.6130781801 
144180359 143590540 62.8319350097 
144180359 144508054 299.8602694168 
144180359 144245899 2839.3551695607 
144180359 143328391 84.8207426074 
144180359 143197327 32.7679225791 
144180359 142935175 15.4113569601 
144180359 143393925 70.5744513412 
144180359 143524999 120.9235836740 
146212013 148047008 25.8700134315 
146212013 145097927 44.0753329094 
146212013 146801812 61.3354284808 
146212013 147653814 145.7961236738 
146212013 145097876 50.8871576297 
146212013 145622165 47.9833231772 
146212013 147260581 58.7219108428 
146212013 145163424 74.3073140567 
149423292 148767914 98.7490658111 
149423292 151389356 36.1906607253 
149423292 150406347 68.9535653504 
149423292 148243655 288.4249396965 
149423292 147653814 108.5509797920 
149423292 148964555 207.6826357245 
149423292 147588302 72.3825715690 
149423292 150340788 120.6331250883 
148243655 148767914 46.1886285852 
148243655 147326174 52.0518414057 
148243655 146539724 63.3154350930 
148243655 149423292 139.1170232222 
148243655 147653814 218.1681769903 
148243655 148964555 426.3332336009 
148243655 147588302 532.5505333422 
148243655 148702430 55.5048440115 
147653814 148047008 46.4059441137 
147653814 148767914 97.9291631022 
147653814 146539724 55.8437066245 
147653814 146212013 93.6062182036 
147653814 149423292 81.4837379236 
147653814 148243655 339.5323289878 
147653814 147588302 134.6522321065 
147653814 147260581 56.7919916719 
148964555 147326174 39.0525676553 
148964555 150406347 65.7614444633 
148964555 149423292 220.5251978002 
148964555 148243655 938.5550610163 
148964555 147653814 97.3357997144 
148964555 147588302 180.4117977591 
148964555 148702430 84.7446688474 
148964555 150340788 32.2747239308 
147129468 147391609 1475.1075830469 
147129468 147719283 304.9880429529 
147129468 146343027 95.7571467189 
147129468 146998387 712.3072722918 
147129468 147391623 311.2980564288 
147129468 147784835 187.3574935156 
147129468 146277501 311.3179887340 
147129468 146998402 1360.6204513714 
145687766 145884390 117.6218592005 
145687766 147326174 56.7995358760 
145687766 144311509 58.9162888914 
145687766 145097927 138.5082401799 
145687766 143131870 30.7213013678 
145687766 146539724 162.1813482299 
145687766 147588302 90.0630347974 
145687766 143787200 6.7035228990 
146343027 147391609 130.3114433309 
146343027 147719283 113.1201140394 
146343027 147129468 224.3026468514 
146343027 146998387 610.6126778652 
146343027 147391623 65.8291343172 
146343027 146211976 97.2250878991 
146343027 146277501 516.5527757806 
146343027 146998402 171.4742481668 
144508054 143590540 22.6987941650 
144508054 144180359 497.9123653955 
144508054 145097876 543.6967166308 
144508054 145622157 123.5951402026 
144508054 144245899 364.6725233208 
144508054 145622165 109.9027619155 
144508054 145163424 156.3480132244 
144508054 143262874 23.3350769848 
145097876 143590540 11.4113403718 
145097876 144180359 344.0780810671 
145097876 144508054 886.9819009121 
145097876 145622157 399.5318350670 
145097876 144245899 202.5615091451 
145097876 145622165 483.1848188991 
145097876 146211976 100.9173798247 
145097876 145163424 212.9565551058 
146998387 147391609 520.2657345151 
146998387 147719283 408.4588574594 
146998387 147129468 585.5942669872 
146998387 146343027 214.3048765266 
146998387 147391623 98.5596523887 
146998387 147784835 70.0113127592 
146998387 146277501 238.7756642187 
146998387 146998402 246.4038344568 
145622157 146801812 117.0720694727 
145622157 144508054 205.4187909337 
145622157 145097876 407.0353389795 
145622157 144245899 114.6171326504 
145622157 145622165 482.2400306580 
145622157 146211976 408.1174822884 
145622157 146277501 148.5117676492 
145622157 145163424 76.0158949387 
144245899 143590540 66.1572469172 
144245899 144180359 7043.1966792494 
144245899 144508054 544.7774872552 
144245899 145097876 185.4876445759 
144245899 143328391 67.7128869212 
144245899 143197327 34.9057874611 
144245899 143393925 51.0199435725 
144245899 143524999 88.4617771676 
147391623 147391609 192.2754378731 
147391623 146801812 172.6527636459 
147391623 147129468 365.4468899251 
147391623 146211976 134.6128781126 
147391623 147784835 531.0972353198 
147391623 148243582 148.0268688142 
147391623 148374672 180.7740828676 
147391623 146998402 903.3413013835 
147588302 147326174 136.6261253610 
147588302 146539724 170.3221385107 
147588302 149423292 56.1217805118 
147588302 148243655 856.0729820052 
147588302 147653814 139.0829181039 
147588302 148964555 131.7359577575 
147588302 145687766 55.9079589023 
147588302 148702430 60.2369747503 
145622165 146801812 134.7379910978 
145622165 146212013 78.6821010949 
145622165 144508054 263.0415616033 
145622165 145097876 708.8771877489 
145622165 145622157 694.4488316554 
145622165 144245899 94.2375752301 
145622165 146211976 173.3174998542 
145622165 145163424 182.9075285367 
146211976 146801812 191.8110237747 
146211976 147129468 149.0127805497 
146211976 145097876 107.3935848879 
146211976 145622157 426.3014853891 
146211976 147391623 133.6187903093 
146211976 145622165 125.7178859435 
146211976 146277501 428.4630487765 
146211976 146998402 310.4859543692 
147784835 147391609 276.9848218612 
147784835 147719283 192.1348015374 
147784835 147129468 338.1950195741 
147784835 146998387 153.7216094988 
147784835 147391623 816.6243387826 
147784835 148243582 494.1524238935 
147784835 148374672 219.6292012875 
147784835 146998402 385.3295294738 
146277501 147391609 125.0186187292 
146277501 147129468 297.4979712812 
146277501 146343027 210.7323889676 
146277501 146998387 277.5494789219 
146277501 145622157 127.2165225524 
146277501 147391623 111.2367341899 
146277501 146211976 351.3697578818 
146277501 146998402 381.7115303159 
148243582 147391609 195.8218040590 
148243582 147719283 267.0467628092 
148243582 147129468 173.3022550927 
148243582 147391623 172.5044638606 
148243582 147784835 374.5177763142 
148243582 148374672 166.9770459920 
148243582 146998402 149.0460025914 
148243582 148964467 92.3552319721 
151913670 153355465 31.5655091674 
151913670 153093339 7.2949394496 
151913670 151192798 7.1477042821 
151913670 151389356 55.2204773800 
151913670 150406347 57.2857456587 
151913670 152896697 103.0101043344 
151913670 152306855 18.7085469325 
151913670 150340788 34.9927946758 
148374672 148047008 85.5674845387 
148374672 148767914 58.5765460432 
148374672 146801812 74.0997394650 
148374672 147391623 141.5224238128 
148374672 147784835 111.8229369306 
148374672 148243582 112.1724175020 
148374672 146998402 88.3644774915 
148374672 149685379 49.9521450632 
146998402 147391609 321.6269726357 
146998402 147129468 1232.0824634761 
146998402 146343027 66.2885451397 
146998402 146998387 271.4068506335 
146998402 147391623 696.7978268920 
146998402 146211976 241.2770161719 
146998402 147784835 193.3031512060 
146998402 146277501 361.7081280587 
131532078 130680066 1.9079998454 
131532078 132318481 1.3111670323 
131532078 129631528 0.2455497764 
131532078 129500422 1.8602672496 
131532078 132187468 0.6898057767 
131532078 128976145 4.3405407479 
131532078 132383998 1.6194396480 
131532078 128386355 0.5924719113 
140575940 139592885 17.6792372836 
140575940 140969147 103.9626108270 
140575940 141755577 22.1548623543 
140575940 141296837 122.3340877967 
140575940 140707031 40.9512060917 
140575940 140641486 84.1403291701 
140575940 140313805 253.6901632516 
140575940 139723976 85.9480633064 
147260581 148047008 144.3614799792 
147260581 148767914 76.9961204975 
147260581 146801812 127.7083208056 
147260581 146212013 163.9388487936 
147260581 147653814 246.9505962262 
147260581 147391623 47.6505859436 
147260581 145622165 36.2636113886 
147260581 148374672 75.9079710018 
138609894 139789529 31.4199066992 
138609894 140707031 12.6096481725 
138609894 141165793 8.3207864848 
138609894 140313805 19.6271945070 
138609894 138740943 33.8974992883 
138609894 139723976 13.1598756915 
138609894 137037019 39.2484839686 
138609894 138937597 13.6264836420 
141755644 139789529 7.2508871189 
141755644 143131870 35.1982866072 
141755644 140707031 9.3433072513 
141755644 141165793 15.0131929369 
141755644 140641486 3.6192997120 
141755644 142083277 6.6422050546 
141755644 138937597 4.4324218956 
141755644 142607644 0.6181438713 
135267536 135660794 2.5762170231 
135267536 133170355 5.2006771684 
135267536 134218936 21.7100165290 
135267536 133367010 19.8421868477 
135267536 136643779 49.3083658730 
135267536 135660716 2.5061052093 
135267536 137037019 32.0611924343 
135267536 135333074 12091.1043830493 
141296837 140969147 96.9818747548 
141296837 141755577 49.9143979296 
141296837 140575940 66.4952244337 
141296837 140707031 37.2522533168 
141296837 140641486 48.3384008843 
141296837 140313805 88.2821669846 
141296837 139723976 27.4641544685 
141296837 142083277 72.7173305790 
140707031 139789529 78.1173713806 
140707031 140575940 21.5254698641 
140707031 141296837 36.0242976492 
140707031 141165793 81.7206826267 
140707031 140641486 103.4120008676 
140707031 140313805 182.6141547403 
140707031 139723976 35.0213014293 
140707031 142083277 28.4040737351 
145163424 146801812 57.0994650420 
145163424 146212013 122.8999294801 
145163424 144508054 377.4353548366 
145163424 145097876 315.1252308783 
145163424 145622157 110.4118916123 
145163424 144245899 79.4973173401 
145163424 145622165 184.4871092018 
145163424 143721646 18.3165757928 
141165793 139789529 31.0282320962 
141165793 143131870 53.7697192393 
141165793 141755644 7.4704024907 
141165793 141296837 18.4046690155 
141165793 140707031 101.4574703241 
141165793 140641486 20.3663247175 
141165793 140313805 44.1755784116 
141165793 142083277 25.2030396694 
139003064 139592885 88.3183829714 
139003064 140575940 11.2744099129 
139003064 140313805 30.0389934387 
139003064 138740943 33.1800227323 
139003064 139723976 41.2850133602 
139003064 137823414 21.1812356788 
139003064 138151104 84.4011306092 
139003064 139003036 13.3616642385 
157287553 155649134 7.4104775373 
157287553 156107943 4.4597811346 
157287553 154469533 4.3253694851 
157287553 158794907 1.9941487022 
157287553 159188083 5.6705002470 
157287553 156107885 11.4528218531 
157287553 154797195 6.7702268023 
157287553 155255969 3.5674090402 
140641486 140969147 31.5102827787 
140641486 139789529 52.7708272146 
140641486 140575940 77.0021467284 
140641486 141296837 81.3856688745 
140641486 140707031 180.0460609707 
140641486 141165793 28.5609930161 
140641486 140313805 962.7674810329 
140641486 139723976 68.6290010593 
140313805 140969147 28.8992375620 
140313805 139789529 72.3869393997 
140313805 140575940 80.6740788708 
140313805 141296837 51.6488200291 
140313805 140707031 110.4787830708 
140313805 140641486 334.5439451549 
140313805 138740943 32.6423169267 
140313805 139723976 148.5960719459 
138740943 139789529 43.3517093141 
138740943 138609894 42.3900992719 
138740943 139003064 13.4171227428 
138740943 140641486 10.7271365795 
138740943 140313805 44.7200180393 
138740943 139723976 58.1277066612 
138740943 138151104 63.4249698462 
138740943 137037019 33.1621024196 
139723976 139592885 21.3888002407 
139723976 139789529 51.2611233564 
139723976 140575940 43.9059681576 
139723976 140707031 34.0356305561 
139723976 139003064 19.5754261680 
139723976 140641486 38.3086205928 
139723976 140313805 238.7065878373 
139723976 138740943 68.1583818821 
137823414 139592885 11.0829190683 
137823414 137036973 68.1183461752 
137823414 136643779 60.4701186587 
137823414 139003064 22.9571366841 
137823414 138740943 22.2469074245 
137823414 138151104 153.5497688488 
137823414 137561239 17.4531994057 
137823414 139003036 10.5750169460 
142083277 142673079 15.4923448642 
142083277 141755577 22.6187650301 
142083277 143131870 86.4784987431 
142083277 140575940 13.4034712638 
142083277 141296837 71.3244551482 
142083277 140707031 28.8096638894 
142083277 141165793 20.5900992108 
142083277 140641486 18.5657091928 
158794907 156107943 4.3987757225 
158794907 158336214 3.7008465967 
158794907 157549757 2.4939378992 
158794907 157287553 5.5279995252 
158794907 159188083 3.5742211857 
158794907 156107885 2.1975411640 
158794907 154797195 2.6453646364 
158794907 155255969 2.4332297349 
138151104 139592885 13.3029314490 
138151104 137036973 23.6054158632 
138151104 136643779 56.2662545774 
138151104 139003064 32.0218325577 
138151104 138740943 59.5080163653 
138151104 139723976 24.9888217881 
138151104 137823414 53.7502709105 
138151104 137037019 25.9592820350 
159188083 155649134 2.4946175620 
159188083 156107943 1.6141238732 
159188083 157549757 0.6189775950 
159188083 157287553 6.4238441254 
159188083 158794907 1.4606447041 
159188083 156107885 3.7160753562 
159188083 154797195 2.0638206748 
159188083 155255969 1.2425425104 
143328391 143590540 159.5928919368 
143328391 142541956 166.5382394753 
143328391 144180359 742.7153128798 
143328391 143197327 136.0215674062 
143328391 142935175 150.8018605204 
143328391 143393925 1916.1188188491 
143328391 143524999 1278.6356413773 
143328391 142935180 136.2299104334 
143197327 143590540 146.5984488235 
143197327 142345361 94.6772369714 
143197327 143328391 206.3320323439 
143197327 142935175 67.9836524509 
143197327 143393925 94.5036279702 
143197327 143524999 134.5039987487 
143197327 142935180 327.8490813161 
143197327 143262874 70.2264242757 
143721646 142673079 26.3754195155 
143721646 142279852 19.5478401362 
143721646 142410913 12.9818710854 
143721646 144508054 105.0267474119 
143721646 145163424 46.6823117251 
143721646 142869675 31.6750648773 
143721646 143262874 19.3074588922 
143721646 143787200 26.4030696720 
142935175 143590540 53.3957242976 
142935175 142541956 557.0360864245 
142935175 142476419 70.5763552447 
142935175 143328391 390.5932477589 
142935175 143197327 116.0816691453 
142935175 143393925 194.6377029068 
142935175 143524999 148.9323186478 
142935175 142935180 324.7618953191 
143393925 143590540 113.0501197035 
143393925 142541956 150.0687602441 
143393925 144180359 846.5740431307 
143393925 143328391 2624.9411216029 
143393925 143197327 85.3466994380 
143393925 142935175 102.9451922631 
143393925 143524999 1423.2623721580 
143393925 142935180 85.1697794124 
156107885 153945202 8.1737138245 
156107885 155649134 142.8013547463 
156107885 154469533 3.8566192470 
156107885 157287553 9.1558461243 
156107885 159188083 2.6223875324 
156107885 154797195 7.9667389046 
156107885 152568938 4.0568598887 
156107885 155255969 2.4490681869 
142869675 142673079 56.5177922483 
142869675 142279852 114.6024861406 
142869675 142345361 22.0177577326 
142869675 141755577 20.1543493898 
142869675 142410913 48.6651249849 
142869675 143721646 70.0187212722 
142869675 143262874 26.6255929200 
142869675 143787200 13.6515335153 
143524999 143590540 248.3646360545 
143524999 144180359 1248.9677888058 
143524999 144245899 368.3373789734 
143524999 143328391 1508.2270547542 
143524999 143197327 104.5914625352 
143524999 142935175 67.8251620643 
143524999 143393925 1225.4843188690 
143524999 142935180 79.1047215447 
154797195 153945202 11.4091337036 
154797195 155649134 7.2087489433 
154797195 154207401 8.4597931334 
154797195 156107943 6.6743373168 
154797195 154141858 10.5334207509 
154797195 154469533 32.0775350524 
154797195 156107885 6.3868556617 
154797195 155255969 13.1429128437 
142935180 143590540 66.8328136084 
142935180 142541956 252.0230061020 
142935180 142345361 153.2337225016 
142935180 143328391 231.3271812967 
142935180 143197327 367.0027217460 
142935180 142935175 212.9125349013 
142935180 143393925 105.5705021182 
142935180 143524999 113.8771737589 
143262874 143590540 30.0744171341 
143262874 142345361 59.1663392306 
143262874 142410913 33.6415020263 
143262874 144508054 202.7054476727 
143262874 143328391 39.3019039901 
143262874 143197327 76.2625872476 
143262874 142869675 17.0059355738 
143262874 142935180 37.8633634734 
143787200 142673079 24.1423763422 
143787200 142279852 10.1990296392 
143787200 141755577 9.8688007191 
143787200 144311509 49.2663596130 
143787200 145097927 96.8770785165 
143787200 142083277 18.1016293123 
143787200 143721646 37.4990505268 
143787200 142869675 8.7710306258 
148702430 151192798 3.6343000111 
148702430 147326174 89.2689301924 
148702430 150406347 30.4224891071 
148702430 146539724 31.3929025951 
148702430 149423292 47.5145665857 
148702430 148243655 216.9650045422 
148702430 148964555 150.4737078182 
148702430 147588302 146.4778608432 
138216588 137430155 51.6068788675 
138216588 138347641 123.4970871622 
138216588 138347649 70.8721725059 
138216588 137561239 77.1148133700 
138216588 137299070 25.9928554357 
138216588 137954428 31.0788900184 
138216588 136905868 20.4120327388 
138216588 138806409 67.6621081251 
136905859 137430155 57.9385593415 
136905859 138216588 23.7144855190 
136905859 136250489 28.2512461942 
136905859 137299070 164.3227774408 
136905859 135529607 12.0180420359 
136905859 137954428 27.9616507762 
136905859 136381580 100.9672057404 
136905859 136905868 98.0546133568 
138347641 139789435 53.6707607315 
138347641 137430155 14.3680357149 
138347641 138216588 30.8741612118 
138347641 138347649 137.3201749751 
138347641 137299070 36.2761046377 
138347641 138937466 100.0106213275 
138347641 137954428 185.5338490830 
138347641 138806409 19.9566183980 
138347649 137430155 25.2652756501 
138347649 138216588 89.4632952120 
138347649 136905859 17.4554742182 
138347649 138347641 693.3699881516 
138347649 137299070 38.5142809691 
138347649 138937466 63.2341854185 
138347649 137954428 137.3179661167 
138347649 138806409 53.6288826174 
135529629 134153372 62.2798306615 
135529629 134677645 14.7901017939 
135529629 135398544 79.3766097176 
135529629 135660716 14.4479242798 
135529629 136512668 23.7262490609 
135529629 135529607 11.2181774341 
135529629 136381580 32.2414792623 
135529629 136905868 11.1728768917 
136250489 135201916 10.8946588213 
136250489 135332977 8.3337869676 
136250489 137430155 11.5573223550 
136250489 136905859 42.0998759202 
136250489 137299070 36.2761046377 
136250489 135529607 17.1581124456 
136250489 136381580 40.1506773960 
136250489 136905868 17.5117228467 
137561239 137430155 49.8784843581 
137561239 137036973 27.6437346845 
137561239 138216588 51.2013782425 
137561239 136905859 16.8998548067 
137561239 139003036 20.9303350977 
137561239 136512668 19.0552072591 
137561239 136381580 33.3621763739 
137561239 136905868 36.5481092159 
135398544 134153372 54.1212581587 
135398544 135201916 7.0175319701 
135398544 134677645 48.2942999521 
135398544 135529629 10.5557693310 
135398544 136512668 12.3262980136 
135398544 135529607 63.0633655486 
135398544 136381580 61.5116270625 
135398544 136905868 15.0085093631 
135660716 134153372 34.9964677174 
135660716 134218936 29.0580841448 
135660716 137036973 35.1197545568 
135660716 136643779 39.0642508742 
135660716 135529629 7.9914567948 
135660716 135398544 17.3158617273 
135660716 136512668 12.5245224333 
135660716 136381580 12.8886036783 
139003036 140248201 77.0925698948 
139003036 139920531 93.4654353741 
139003036 139592885 11.1217271145 
139003036 139003064 9.3302932801 
139003036 138216588 28.3606682793 
139003036 138347649 10.8284153716 
139003036 137561239 34.0284238383 
139003036 138806409 16.4472346285 
137299070 137430155 42.7201529385 
137299070 136905859 136.5282609772 
137299070 138347641 161.5068721160 
137299070 138347649 33.9595137462 
137299070 136250489 20.2256380693 
137299070 137954428 81.3329611338 
137299070 136381580 37.6236143558 
137299070 136905868 34.6342638978 
136512668 137430155 15.4418393712 
136512668 137036973 42.8898370475 
136512668 135529629 8.2632544166 
136512668 137561239 61.3856349767 
136512668 135398544 32.2817713641 
136512668 135660716 7.8861079097 
136512668 136381580 56.2564357517 
136512668 136905868 27.5669254284 
138937466 140248201 88.8840421986 
138937466 139789435 153.0505569402 
138937466 138216588 25.4272423027 
138937466 138347641 547.5411115226 
138937466 138347649 68.5633208923 
138937466 137299070 15.9837026126 
138937466 137954428 37.1791558079 
138937466 138806409 26.4881446304 
135529607 135201916 19.5502257630 
135529607 134677645 30.6535482868 
135529607 134481016 2.1798959798 
135529607 136905859 18.6448343766 
135529607 136250489 17.8628649460 
135529607 135398544 160.4773543587 
135529607 136381580 76.1154188120 
135529607 136905868 17.5069983550 
137954428 137430155 25.7268288338 
137954428 138216588 41.3803379359 
137954428 136905859 27.7912012247 
137954428 138347641 988.1280659104 
137954428 138347649 144.8394112895 
137954428 137299070 97.2940549748 
137954428 138937466 36.1675421950 
137954428 138806409 18.0903603554 
136381580 137430155 29.2481606995 
136381580 136905859 57.9560269992 
136381580 136250489 15.4656415224 
136381580 135398544 57.9144963662 
136381580 137299070 25.9928554357 
136381580 136512668 20.2244904451 
136381580 135529607 28.1621689090 
136381580 136905868 125.5296794993 
136905868 137430155 114.0985511778 
136905868 138216588 28.5958489066 
136905868 136905859 102.5417552106 
136905868 136250489 12.2890520750 
136905868 137561239 77.1148133700 
136905868 137299070 43.5927117377 
136905868 136512668 18.0554432080 
136905868 136381580 228.6972101551 
138806409 139920531 66.5571532587 
138806409 139789435 61.9902965748 
138806409 138216588 125.3417006990 
138806409 138347641 147.8762940446 
138806409 138347649 78.7008932954 
138806409 139003036 28.2249677646 
138806409 138937466 35.8502787070 
138806409 137954428 25.1691612321 
137037019 135660794 3.3703669329 
137037019 136643779 47.7381769786 
137037019 138609894 34.0733452440 
137037019 135267536 21.7115720123 
137037019 138740943 23.0216883516 
137037019 137823414 4.4887511475 
137037019 138151104 19.2075771709 
137037019 135333074 90.4275053963 
135333074 135660794 2.8521142432 
135333074 133170355 4.7305946711 
135333074 134218936 18.7249906565 
135333074 133367010 20.0693404564 
135333074 136643779 47.9710443036 
135333074 135267536 3266.3003552115 
135333074 135660716 2.2722028535 
135333074 137037019 36.0727373185 
152568938 153945202 17.9572491221 
152568938 155649134 3.2921174161 
152568938 154797195 4.6281866923 
152568938 149685379 11.1124934265 
152568938 149750906 12.1934896636 
152568938 151979147 9.3290927072 
152568938 150471771 7.1041374660 
152568938 150602856 41.8343485163 
152896697 154207401 12.8465289340 
152896697 153617586 50.9623421195 
152896697 153158825 27.8647478342 
152896697 153355465 49.0859514975 
152896697 154469565 8.9823264513 
152896697 151389356 59.7514674078 
152896697 151913670 141.4800714925 
152896697 152306855 46.0950758203 
152306855 154207401 10.0577768929 
152306855 153617586 16.7205056332 
152306855 153158825 44.7084506823 
152306855 154141858 8.3701050276 
152306855 151389356 187.5320233098 
152306855 151913670 54.9960592432 
152306855 152896697 98.6576129792 
152306855 151979147 13.4743230927 
149685379 150013082 53.5526385265 
149685379 147784835 33.6872461944 
149685379 148243582 73.1887308484 
149685379 148374672 97.4468796282 
149685379 149750906 305.3014606384 
149685379 148964467 59.3698006581 
149685379 149226603 51.8980815936 
149685379 150602856 40.7580927900 
149750906 147719283 49.5895389085 
149750906 147784835 28.8321871123 
149750906 148243582 68.3034489478 
149750906 148374672 59.8332394636 
149750906 149685379 338.3416421311 
149750906 148964467 115.8073410053 
149750906 149226603 111.8845153403 
149750906 150602856 76.3207666207 
151979147 153945202 5.9761009917 
151979147 153158825 6.2568867473 
151979147 151389356 34.9283699467 
151979147 150013082 26.7861413911 
151979147 152568938 10.0708668862 
151979147 152306855 23.0252107475 
151979147 149685379 22.1749540890 
151979147 149750906 17.8006358136 
150471771 147719283 21.3647933745 
150471771 148243582 15.6099813328 
150471771 152568938 9.4582127084 
150471771 149685379 16.2126324394 
150471771 149750906 23.5489136521 
150471771 148964467 20.3334864132 
150471771 149226603 52.6500788571 
150471771 150602856 215.5758033044 
148964467 147391609 62.4495154083 
148964467 147719283 138.0390289452 
148964467 147784835 48.4606281202 
148964467 148243582 152.3613031920 
148964467 149685379 74.7370007602 
148964467 149750906 131.5465898159 
148964467 149226603 399.4958678561 
148964467 150602856 50.6604949827 
149226603 147391609 38.9968967991 
149226603 147719283 84.1090089003 
149226603 148243582 63.1458539795 
149226603 149685379 45.0886695660 
149226603 149750906 87.7121043325 
149226603 150471771 14.3323747926 
149226603 148964467 275.7136916166 
149226603 150602856 83.7915121612 
132121750 131138718 42.8817880656 
132121750 133694617 6.6470664071 
132121750 133366928 2.4214079045 
132121750 133104773 32.7024571203 
132121750 133891211 5.9931786508 
132121750 132777101 9.3344251012 
132121750 131859620 104.2969471610 
132121750 132908187 100.4587893051 
150602856 148243582 20.9164654082 
150602856 152568938 13.0777510647 
150602856 149685379 30.5431043106 
150602856 149750906 51.6078153521 
150602856 151979147 6.5697464355 
150602856 150471771 50.6176931814 
150602856 148964467 30.1577318843 
150602856 149226603 72.2741900698 
150340788 148767914 63.1822186063 
150340788 151389356 129.8605780968 
150340788 150013082 42.3744985108 
150340788 150406347 57.4280120893 
150340788 149423292 236.6457357291 
150340788 148964555 59.6261278586 
150340788 151913670 62.2775441418 
150340788 152306855 17.8584390303 
138937597 135660794 2.0025943689 
138937597 139789529 10.2948616064 
138937597 138609894 40.9033452178 
138937597 141755644 3.5343021555 
138937597 140707031 7.0751932115 
138937597 141165793 6.5079306232 
138937597 138740943 8.5407363270 
138937597 137037019 13.4619812871 
131859620 130811052 53.6903080169 
131859620 131925177 21.8761423894 
131859620 131138718 78.7448940437 
131859620 133170355 15.4019389353 
131859620 131204272 80.0125978282 
131859620 132777101 2.3399736076 
131859620 132121750 68.9706563909 
131859620 132908187 50.6457078265 
132908187 134153372 75.9283624210 
132908187 133694617 26.0622539311 
132908187 133366928 5.5646147998 
132908187 133104773 33.8745212958 
132908187 133891211 10.5030414344 
132908187 132777101 8.3806914236 
132908187 132121750 87.6508490060 
132908187 131859620 66.8217845585 
142607644 145884390 6.0341038110 
142607644 147916045 0.9832812546 
142607644 144311509 4.3965988638 
142607644 143131870 11.8563006498 
142607644 141755644 5.1103593525 
142607644 140707031 2.7208633666 
142607644 141165793 3.0893090457 
142607644 138937597 1.9869922450 
133760251 135660794 5.9440524946 
133760251 130680066 1.9145565000 
133760251 132318481 1.3721133096 
133760251 133367010 33.6864767385 
133760251 132383998 9.5180591575 
133760251 135333074 29.5040593851 
133760251 131400952 3.1415348521 
133760251 131990768 3.4505774148 
131400952 130680066 18.6518475595 
131400952 132318481 1.5792233071 
131400952 130024695 43.0644658115 
131400952 129500422 4.7125429009 
131400952 131138783 13.1620175396 
131400952 132383998 16.1773182361 
131400952 133760251 2.8836416390 
131400952 131990768 19.5437366236 
131990768 130680066 5.7234649043 
131990768 132318481 1.1435881063 
131990768 130024695 19.9841707932 
131990768 133367010 36.4321502017 
131990768 131138783 18.7978000736 
131990768 132383998 17.1743835264 
131990768 133760251 4.3597848343 
131990768 131400952 26.9018084733 
128255209 127861993 957.1489906780 
128255209 130024695 20.2082135697 
128255209 128713955 105.5718870684 
128255209 129172705 61.6087661925 
128255209 128713937 9.5987127595 
128255209 128910570 179.6447951658 
128255209 129762515 12.3931282044 
128255209 128976114 50.7549079526 
131925187 130548925 27.1461528138 
131925187 130811052 20.9116453767 
131925187 131925177 95.6060446719 
131925187 133170355 15.6496899432 
131925187 131204272 40.5723319829 
131925187 129762515 9.4048599469 
131925187 131138783 9.1578562212 
131925187 131859620 23.1292083208 
155255969 154207401 26.2704249954 
155255969 153617586 9.5213447326 
155255969 153158825 7.1639228783 
155255969 156107943 38.7224305924 
155255969 154141858 23.2147781186 
155255969 154469565 5.5690793839 
155255969 154469533 70.8827764841 
155255969 154797195 19.3411858440 
128386355 130680066 1.1399275241 
128386355 129631528 0.4342729118 
128386355 130024695 4.2622836450 
128386355 129500422 2.0049459667 
128386355 128976114 2.3171068579 
128386355 132187468 0.1938455459 
128386355 128976145 7.7535630266 
128386355 131532078 0.5639949494 
