145884390 147326174 15181.7648138985 
145884390 144311509 7986.6342833623 
145884390 145097927 11808.4558559758 
145884390 143131870 10330.7684104064 
145884390 146539724 14247.0473748209 
145884390 145687766 27525.4417397219 
145884390 147588302 20756.8702308603 
145884390 148702430 7011.6727031928 
148047008 148767914 26148.7660867437 
148047008 150013082 9116.8410252492 
148047008 146801812 17984.5537747574 
148047008 147653814 32756.9193497111 
148047008 147391623 14878.4319390580 
148047008 147784835 8893.5666270388 
148047008 148374672 30442.5413546780 
148047008 147260581 13286.7550452717 
143590540 144180359 112729.8534107178 
143590540 144245899 46632.3542853192 
143590540 143328391 20518.0077501312 
143590540 143197327 12963.8567612074 
143590540 142935175 4582.0901203248 
143590540 143393925 12605.6951547512 
143590540 143524999 21699.6822906196 
143590540 142935180 7819.3219465705 
130548925 130811052 8982.9429801177 
130548925 131925177 4283.4513049298 
130548925 131138718 3537.5327379518 
130548925 131204272 11049.3175692266 
130548925 128713937 1639.2890301653 
130548925 129762515 4535.8712314478 
130548925 131859620 6496.7745474099 
130548925 131925187 4813.1069921686 
127861993 130024695 4725.3256247711 
127861993 128713955 5837.9122315925 
127861993 129172705 6806.6645800732 
127861993 128713937 2048.9736365767 
127861993 128910570 10297.8785771450 
127861993 129762515 3168.8747990432 
127861993 128976114 4913.8481401751 
127861993 128255209 29622.6157417117 
141952139 141165699 19595.6305242079 
141952139 141362300 23109.8003510594 
141952139 142541956 20703.4662843699 
141952139 142345361 17731.6359378359 
141952139 142476419 3797.1983687474 
141952139 143197327 4531.1183411353 
141952139 142935175 3311.6462605171 
141952139 142935180 5219.5215752957 
141165699 141952139 15527.8631453515 
141165699 140706938 20436.3362655922 
141165699 140248201 33764.9904655698 
141165699 141362300 52623.3013155955 
141165699 139789435 10799.9053119385 
141165699 142541956 11296.9319300874 
141165699 142345361 6654.1089693891 
141165699 142476419 2162.4608517184 
140706938 141952139 8801.2865554591 
140706938 141165699 24675.7853015049 
140706938 140248201 30954.2571509090 
140706938 139920531 8619.2843335415 
140706938 141362300 39579.7915547405 
140706938 139789435 17241.4605783875 
140706938 142476419 1520.2589482192 
140706938 138937466 2856.8689471885 
140248201 141952139 8637.7843975663 
140248201 141165699 18577.3793852941 
140248201 140706938 14104.9081439808 
140248201 139920531 21263.3118084013 
140248201 141362300 18949.6616801472 
140248201 139789435 15420.7144653055 
140248201 138937466 3081.6525424585 
140248201 138806409 2594.1409182341 
139920531 141165699 11410.0058024434 
139920531 140706938 8443.1936828019 
139920531 140248201 45710.5636065682 
139920531 139789435 10035.7367593728 
139920531 141034666 9212.6085805790 
139920531 138216588 3932.3666830038 
139920531 139003036 5874.7540876194 
139920531 138806409 2888.8232977272 
139592885 140969147 5257.0114680190 
139592885 141034666 10791.9614910708 
139592885 140575940 3480.8632468471 
139592885 139003064 7221.2451131510 
139592885 140313805 8753.7428227886 
139592885 139723976 7494.8155332273 
139592885 138151104 7386.9012077817 
139592885 139003036 3669.7620799682 
141362300 141952139 12781.9932832823 
141362300 141165699 36730.6005296679 
141362300 140706938 22879.9725351071 
141362300 140248201 24039.9511422471 
141362300 139789435 10108.1853157941 
141362300 142541956 12036.4252800332 
141362300 142345361 5870.1821746013 
141362300 142476419 2348.2941994555 
130811052 130548925 6655.6881206259 
130811052 131925177 4247.0405038396 
130811052 131138718 7653.5312000590 
130811052 131204272 25016.9300396268 
130811052 132121750 4621.7558695083 
130811052 131859620 11649.1219025389 
130811052 132908187 4367.5500468241 
130811052 131925187 3636.2407869626 
135660794 133367010 4985.3013259017 
135660794 132383998 766.2891975322 
135660794 138609894 4406.6247081638 
135660794 135267536 3873.8824164895 
135660794 137037019 6543.0796290930 
135660794 135333074 15088.5853122246 
135660794 138937597 1458.6697197009 
135660794 133760251 1157.9707125307 
131925177 130548925 5533.5764023409 
131925177 130811052 7404.9845926287 
131925177 131138718 3868.1119215575 
131925177 133170355 4476.3298463303 
131925177 131204272 12782.0271956235 
131925177 131859620 9818.5982705298 
131925177 132908187 4685.9003490801 
131925177 131925187 10266.4450035209 
134153372 133694617 4656.2240912026 
134153372 133366928 521.1464883195 
134153372 133891211 2668.4462887628 
134153372 134677645 3420.5687016492 
134153372 132777101 611.4893271950 
134153372 135529629 821.6364885005 
134153372 135398544 5759.6037095585 
134153372 132908187 8302.6825365642 
130680066 132318481 418.9472207617 
130680066 130024695 11209.2978479696 
130680066 129500422 2394.1769647579 
130680066 128976114 3107.7321749341 
130680066 128976145 3048.4819108279 
130680066 132383998 1459.5693285833 
130680066 131400952 2410.0538850806 
130680066 131990768 969.8877211177 
132318481 130680066 1310.1094720953 
132318481 130024695 3878.9083132242 
132318481 129500422 1000.6850796225 
132318481 132383998 1933.5858939495 
132318481 131532078 343.1595734349 
132318481 133760251 1061.0463482376 
132318481 131400952 1240.1143503081 
132318481 131990768 766.6566383064 
129631528 130680066 903.3218074888 
129631528 132318481 262.2746529268 
129631528 130024695 3334.4619672568 
129631528 129500422 1246.6434441289 
129631528 132187468 123.8295110588 
129631528 128976145 3552.0960072271 
129631528 131532078 383.1350450774 
129631528 128386355 535.2492012529 
142673079 142279852 6885.8381951603 
142673079 141755577 6403.8232115590 
142673079 142410913 3018.2479974435 
142673079 141296837 5407.5101376852 
142673079 142083277 5793.4686648244 
142673079 143721646 6258.1592973451 
142673079 142869675 4144.2205305799 
142673079 143787200 4215.7134517721 
153945202 155649134 2573.7896581535 
153945202 154141858 1280.1501857919 
153945202 154469533 2389.4114677191 
153945202 156107885 2310.2597553929 
153945202 154797195 3404.6377964944 
153945202 152568938 4872.3793639636 
153945202 151979147 2603.7705381439 
153945202 155255969 1278.4661387627 
155649134 153945202 3203.3110686165 
155649134 154469533 2078.3921995370 
155649134 157287553 1961.8834676265 
155649134 159188083 1004.7973408964 
155649134 156107885 10772.8420889807 
155649134 154797195 3019.1699698875 
155649134 152568938 2327.4045600967 
155649134 155255969 1270.4240587274 
131138718 130548925 3612.0635737375 
131138718 130811052 10547.3280653465 
131138718 131925177 3057.3268675880 
131138718 131204272 9997.2804074136 
131138718 132777101 522.4714220037 
131138718 132121750 8081.9237127398 
131138718 131859620 16561.3884035540 
131138718 132908187 5825.5288145370 
130024695 130680066 2520.1181484158 
130024695 129500422 2511.5630414040 
130024695 128713955 2939.4840364940 
130024695 129172705 5637.5754245450 
130024695 128910570 7645.3751177522 
130024695 128976114 5674.0423347920 
130024695 131138783 2694.5986630436 
130024695 131400952 1736.3873080325 
140969147 139592885 3382.7976313923 
140969147 141034666 15374.7198396692 
140969147 141755577 7438.0057818564 
140969147 140575940 6771.1484366920 
140969147 141296837 12031.6742484998 
140969147 140641486 4073.3457010361 
140969147 140313805 11226.2976004129 
140969147 139723976 6308.2010543402 
139789435 141165699 12610.7545523764 
139789435 140706938 16673.5177349385 
139789435 140248201 32727.1209827860 
139789435 141362300 16910.0301345786 
139789435 138347641 19099.1002507725 
139789435 138347649 3665.7940175920 
139789435 138937466 5891.0252213442 
139789435 138806409 2770.0925850754 
133170355 131925177 4583.7614562107 
133170355 134153372 9184.7125458571 
133170355 131204272 6083.8729766255 
133170355 134218936 10013.2298265607 
133170355 133694617 1307.2271204744 
133170355 131859620 8336.8460696966 
133170355 132908187 6436.6649051367 
133170355 131925187 4203.2018050706 
131204272 130548925 7121.8500859129 
131204272 130811052 21762.9149907629 
131204272 131925177 6377.4201915799 
131204272 131138718 6310.7987018519 
131204272 133170355 2964.3228764183 
131204272 132121750 4641.6953566206 
131204272 131859620 13263.7385804382 
131204272 131925187 4724.0560543052 
134218936 131925177 2620.2681001545 
134218936 134153372 8967.9283158690 
134218936 133170355 5314.6636675383 
134218936 133694617 1111.0896299509 
134218936 135267536 5723.2540465675 
134218936 135529629 512.1965311011 
134218936 135660716 1249.0851365890 
134218936 135333074 19675.8545804017 
129500422 130680066 2083.6614985095 
129500422 129631528 52.1236605157 
129500422 130024695 9722.3781736323 
129500422 128910570 5466.9895278694 
129500422 128976114 4297.3425243249 
129500422 128976145 6574.6621015075 
129500422 131400952 1130.1314010660 
129500422 128255209 5093.5624306197 
128713955 127861993 22045.2289628146 
128713955 130024695 5905.7887052050 
128713955 129172705 19959.3252355106 
128713955 128713937 3081.0374987480 
128713955 128910570 20920.3221545432 
128713955 129762515 5065.8516555037 
128713955 128976114 5931.9675068111 
128713955 128255209 19117.7289809072 
133694617 134153372 32931.0534185763 
133694617 133366928 853.3901526434 
133694617 133104773 7092.5580453627 
133694617 133891211 3250.1821724844 
133694617 134677645 3039.2262453143 
133694617 132777101 853.6034951059 
133694617 132121750 5700.1395315796 
133694617 132908187 12936.2463273490 
141034666 139592885 2993.6522342987 
141034666 140969147 6627.8256935580 
141034666 142279852 4575.4055812336 
141034666 141755577 4822.5014717659 
141034666 142410913 2984.1241643899 
141034666 140575940 2723.5477529095 
141034666 141296837 4939.4051960953 
141034666 142869675 1862.0459931206 
129172705 127861993 14704.4660789643 
129172705 130024695 6479.7316695547 
129172705 128713955 11418.3595056797 
129172705 128713937 3188.5537871324 
129172705 128910570 16232.6486295883 
129172705 129762515 6835.2814463758 
129172705 128976114 5331.9549389756 
129172705 128255209 11046.1857741369 
133367010 131138783 2366.6577685869 
133367010 132383998 1169.7054671149 
133367010 135267536 4904.2232220801 
133367010 135333074 18257.9437400823 
133367010 133760251 1257.4893129636 
133367010 131400952 967.5047104356 
133367010 131990768 1035.0125800445 
133367010 131925187 2744.8439094169 
128713937 130548925 3433.5714211123 
128713937 127861993 11379.3800772376 
128713937 128713955 4531.2932014658 
128713937 129172705 8197.1157982395 
128713937 128910570 6361.8768697353 
128713937 129762515 7171.2398211494 
128713937 128976114 2775.7318674789 
128713937 128255209 6990.8703251728 
133366928 134153372 14835.8682477404 
133366928 133694617 3435.0180974703 
133366928 133825665 2058.2239469930 
133366928 133104773 13226.4226123563 
133366928 133891211 4938.3890632491 
133366928 132777101 1653.3109648203 
133366928 132121750 6902.3210671620 
133366928 132908187 11992.5225867972 
133825665 133694617 1474.2928417121 
133825665 133366928 532.4188977363 
133825665 135201916 1243.8789812266 
133825665 133104773 13282.9573003849 
133825665 133891211 4614.3876519284 
133825665 134677645 3292.6002520085 
133825665 132777101 786.7039407448 
133825665 134481016 720.9230715812 
135201916 133825665 1586.3883359245 
135201916 135332977 1791.3833871751 
135201916 134677645 3094.2018503090 
135201916 134481016 828.7125894672 
135201916 136250489 3239.9115524529 
135201916 135398544 6355.8486022121 
135201916 135529607 4168.8917720077 
135201916 136381580 5691.7122152833 
133104773 133694617 1620.2518671395 
133104773 133366928 750.6554201082 
133104773 133825665 2914.2860064339 
133104773 133891211 3483.7761626016 
133104773 132777101 1654.1489510582 
133104773 134481016 394.5434124823 
133104773 132121750 6042.9706691046 
133104773 132908187 7049.0191422431 
135332977 133825665 1221.3514609438 
135332977 135201916 2379.4157617067 
135332977 134677645 1958.4301896386 
135332977 134481016 657.5253549159 
135332977 136905859 2623.8587592211 
135332977 136250489 3265.7913199097 
135332977 135398544 4151.3922388833 
135332977 135529607 2275.9296191860 
133891211 134153372 14360.1464007906 
133891211 133694617 2473.0696963439 
133891211 133366928 933.5391846699 
133891211 133825665 3372.1003564868 
133891211 133104773 11603.7740450349 
133891211 134677645 4792.2811711052 
133891211 132777101 921.1741248814 
133891211 134481016 461.9100924965 
134677645 134153372 14771.8949686486 
134677645 133694617 1855.7914714145 
134677645 133366928 439.0739267266 
134677645 133825665 1930.9139192400 
134677645 135201916 1422.7911950491 
134677645 133891211 3845.7387872158 
134677645 135398544 11306.4312163532 
134677645 135529607 3539.8215797220 
132777101 134153372 9789.9738455054 
132777101 133694617 1932.3112616692 
132777101 133366928 929.8096389879 
132777101 133825665 1710.3696775632 
132777101 133104773 16391.3937280171 
132777101 133891211 2740.5263285356 
132777101 132121750 10163.0652936816 
132777101 132908187 11037.0412577891 
134481016 133825665 2532.2882951883 
134481016 135201916 2282.4263945391 
134481016 133104773 6316.5745380357 
134481016 135332977 1363.4008394750 
134481016 133891211 2220.2161635938 
134481016 134677645 2739.6203947566 
134481016 136250489 1956.9724791774 
134481016 135529607 2310.2503228436 
128910570 127861993 19841.8198763888 
128910570 130024695 7837.5853162869 
128910570 128713955 10674.4388021797 
128910570 129172705 14477.9880616763 
128910570 128713937 2207.1749706902 
128910570 129762515 4312.0299168266 
128910570 128976114 11331.0536229227 
128910570 128255209 17813.8511741519 
129762515 130548925 4665.9429505002 
129762515 128713955 3659.0285931764 
129762515 129172705 8630.0215295308 
129762515 128713937 3521.9436343036 
129762515 128910570 6104.0546998535 
129762515 128976114 2785.3774290214 
129762515 131138783 3304.7088246986 
129762515 128255209 5566.8471522993 
137430155 138216588 8747.4964908607 
137430155 136905859 6918.7845017251 
137430155 138347649 4848.6725501262 
137430155 137561239 12952.1768097734 
137430155 137299070 7150.5190119773 
137430155 137954428 4638.6817222500 
137430155 136381580 8564.0061252101 
137430155 136905868 9284.3885491774 
137036973 136643779 11892.9243544528 
137036973 139003064 2158.6896848181 
137036973 137823414 4209.7003361223 
137036973 138151104 7079.3514289378 
137036973 135529629 616.0052742299 
137036973 137561239 6767.2906726629 
137036973 135660716 1490.8730825415 
137036973 136512668 2616.6196307950 
128976114 127861993 16454.6696568664 
128976114 130680066 1244.8105504021 
128976114 130024695 10109.0362869026 
128976114 129500422 1977.8289448209 
128976114 128713955 5260.2834682557 
128976114 129172705 8264.9265365611 
128976114 128910570 19692.6424576033 
128976114 128255209 12482.6379123485 
131138783 130024695 5646.7453776964 
131138783 129172705 4895.8546502751 
131138783 133367010 6232.4602025961 
131138783 128910570 4615.3164113287 
131138783 129762515 4772.1840092840 
131138783 131400952 1389.6337736603 
131138783 131990768 1206.4762196472 
131138783 131925187 3407.2156806308 
132187468 130680066 480.0800385336 
132187468 132318481 200.4143614620 
132187468 129631528 34.7550563899 
132187468 129500422 532.3387726782 
132187468 128976145 1185.2425314576 
132187468 132383998 473.3083284443 
132187468 131532078 340.2063692371 
132187468 128386355 189.4521291617 
128976145 130680066 1273.5387550338 
128976145 129631528 71.2910431907 
128976145 130024695 5444.5010456199 
128976145 129500422 3155.9568869411 
128976145 128910570 4110.7324616680 
128976145 128976114 2974.4730534572 
128976145 128255209 4222.6596637925 
128976145 128386355 320.4058636705 
148767914 148047008 15137.8281160225 
148767914 150013082 11182.0766921838 
148767914 149423292 27291.4193868517 
148767914 148243655 38697.2134885286 
148767914 147653814 36205.8252911335 
148767914 148374672 19164.3717604681 
148767914 147260581 7383.0170622292 
148767914 150340788 11128.2008861850 
154207401 153617586 6253.0193048534 
154207401 153158825 4465.4391837704 
154207401 154141858 8597.0462139224 
154207401 154469565 2341.4376621392 
154207401 154469533 8220.1526968111 
154207401 152896697 14589.1486845935 
154207401 152306855 6031.3145633110 
154207401 155255969 3668.2357562090 
153617586 154207401 6061.7032306761 
153617586 153158825 6200.2645675616 
153617586 154141858 3437.8171340631 
153617586 153355465 5950.9124713747 
153617586 154469565 2827.3010738992 
153617586 154469533 4237.4788438431 
153617586 152896697 28609.7584200153 
153617586 152306855 7656.6383542039 
153158825 154207401 4860.0854893766 
153158825 153617586 6961.2150460436 
153158825 154141858 3741.3937791437 
153158825 154469565 1703.2086666610 
153158825 154469533 4509.2302552770 
153158825 151389356 14132.3144198648 
153158825 152896697 22415.8119270533 
153158825 152306855 13266.1729786809 
156107943 154207401 2682.4681400692 
156107943 153617586 2035.4261073376 
156107943 154141858 2045.8245516733 
156107943 154469565 1448.6870306740 
156107943 157549757 1129.6102562449 
156107943 154469533 3913.6122776849 
156107943 154797195 2796.1657028649 
156107943 155255969 4576.6601431038 
154010850 156239068 1774.3036347237 
154010850 153355465 5178.1353390826 
154010850 154076368 3533.7483550475 
154010850 154469565 1271.5582807299 
154010850 153093339 3313.6516886812 
154010850 151192798 1097.1533748390 
154010850 151913670 12151.8561130544 
154010850 152896697 8384.4790499670 
154141858 154207401 10764.0238795568 
154141858 153617586 4440.2074600893 
154141858 153158825 4304.0675762549 
154141858 154469565 1741.3445250679 
154141858 154469533 14669.9395480470 
154141858 154797195 3824.8338322864 
154141858 152306855 6156.5743734936 
154141858 155255969 3858.5013334067 
156239068 154010850 2083.8273091538 
156239068 153355465 2965.8731078152 
156239068 154076368 1861.8889684268 
156239068 154469565 1175.6400645247 
156239068 158336214 3814.1950892656 
156239068 153093339 1090.7985544221 
156239068 158598378 1543.0756311520 
156239068 157549757 952.2162185688 
153355465 153617586 3399.8698780345 
153355465 153158825 2201.4789817631 
153355465 154010850 2603.9134226220 
153355465 154076368 4954.4102745088 
153355465 154469565 2324.7889627212 
153355465 153093339 2754.6115861674 
153355465 151913670 23374.9510923457 
153355465 152896697 21223.0342392692 
154076368 153617586 2580.5500712806 
154076368 154010850 3868.1713624982 
154076368 156239068 1735.3619938255 
154076368 153355465 10784.7209058095 
154076368 154469565 2399.6122939224 
154076368 153093339 2773.7115746695 
154076368 151913670 15071.3520197299 
154076368 152896697 12781.5529439424 
157943051 154010850 989.2246371187 
157943051 156239068 1119.2487365812 
157943051 154076368 780.4017608990 
157943051 154469565 513.2384425684 
157943051 158336214 2271.6860751506 
157943051 153093339 593.0466776636 
157943051 158598378 1687.9824286554 
157943051 157549757 446.8097433793 
154469565 154207401 3770.1257806891 
154469565 153617586 4696.1330973500 
154469565 153158825 2519.7727125803 
154469565 154141858 2239.4045352942 
154469565 153355465 6758.8551767643 
154469565 154076368 3204.8945240418 
154469565 152896697 15479.8977640487 
154469565 155255969 2143.1472667119 
158336214 156107943 1266.9826733259 
158336214 156239068 1877.1516442906 
158336214 154076368 1004.9498558524 
158336214 157943051 593.5194122108 
158336214 154469565 761.7282240747 
158336214 158598378 2841.4865618481 
158336214 157549757 1262.2417808521 
158336214 158794907 373.7473374303 
153093339 153617586 1904.3504356110 
153093339 154010850 4554.8362605802 
153093339 153355465 7529.6214052913 
153093339 154076368 3483.0292861658 
153093339 154469565 1316.1695692544 
153093339 151192798 1621.0549337756 
153093339 151913670 18578.5383034238 
153093339 152896697 10859.9671098957 
158598378 156107943 953.5145847119 
158598378 154010850 1025.9550126050 
158598378 156239068 1583.6357924168 
158598378 154076368 889.8622901948 
158598378 157943051 919.6576209175 
158598378 154469565 629.3777154661 
158598378 158336214 5925.3941864762 
158598378 157549757 733.1543446548 
157549757 154207401 1426.9136689809 
157549757 156107943 2361.3419810482 
157549757 156239068 1625.1329564925 
157549757 154469565 1037.5433680529 
157549757 158336214 4377.2305253728 
157549757 158598378 1219.2159616754 
157549757 158794907 571.3455077265 
157549757 155255969 1468.0775059638 
154469533 154207401 6063.0787288956 
154469533 153617586 3224.1553894436 
154469533 153158825 3055.8779527844 
154469533 156107943 2733.4037403261 
154469533 154141858 8642.0396692989 
154469533 154469565 1494.3415285235 
154469533 154797195 5122.9759363368 
154469533 155255969 5174.8851072327 
142279852 142673079 6458.3741071818 
142279852 140969147 4569.5897210429 
142279852 141034666 13900.5440622201 
142279852 141755577 5862.9198081802 
142279852 142410913 6007.3591765985 
142279852 143721646 5217.7048345071 
142279852 142869675 5715.1874027472 
142279852 143262874 3453.0369605456 
142541956 141952139 19594.8913146757 
142541956 142345361 11290.4622272473 
142541956 142476419 28478.7747841956 
142541956 143328391 10740.9276162601 
142541956 143197327 5884.2185390742 
142541956 142935175 7584.1766336626 
142541956 143393925 7442.7395626345 
142541956 142935180 7781.2739232980 
142345361 141952139 26238.5203681442 
142345361 142541956 17652.3472277079 
142345361 142476419 3034.2479547227 
142345361 142410913 4200.2386852122 
142345361 143197327 6675.6580351701 
142345361 142935175 3805.6143901670 
142345361 142935180 7586.7042771801 
142345361 143262874 4859.5680127188 
141755577 142673079 5803.8811176262 
141755577 140969147 9413.1584561564 
141755577 141034666 14157.5257144678 
141755577 142279852 5665.3499720171 
141755577 140575940 3516.3953957479 
141755577 141296837 9710.3106708237 
141755577 142083277 6664.2935076419 
141755577 142869675 2355.9943366872 
142476419 141952139 19729.4005229772 
142476419 142541956 156340.7206142888 
142476419 142345361 10653.9618351108 
142476419 143328391 9773.2348694247 
142476419 143197327 5376.8840962816 
142476419 142935175 6325.1640071956 
142476419 143393925 6865.1789378451 
142476419 142935180 6834.1747440101 
142410913 142673079 3621.6600709837 
142410913 141034666 11598.5972817470 
142410913 142279852 7685.4619690809 
142410913 142345361 9405.9821008931 
142410913 143197327 4052.0454088977 
142410913 142869675 4212.4578373753 
142410913 142935180 3479.1573272782 
142410913 143262874 5483.5662247642 
136643779 137036973 6169.9916737848 
136643779 135267536 6744.9323512355 
136643779 138740943 5019.7393295877 
136643779 137823414 2856.8504429473 
136643779 138151104 7872.4445080321 
136643779 135660716 1132.5376499572 
136643779 137037019 9800.2828406845 
136643779 135333074 24627.2961049046 
132383998 130680066 1462.3216734381 
132383998 132318481 619.4886938017 
132383998 130024695 4657.8742162459 
132383998 133367010 6550.4653417235 
132383998 131138783 2177.5398372338 
132383998 133760251 1581.7889016484 
132383998 131400952 2246.6125612601 
132383998 131990768 1681.6732722888 
139789529 140575940 3044.6490203864 
139789529 138609894 9644.9399601702 
139789529 140707031 10079.5131905747 
139789529 141165793 5116.7266779619 
139789529 140641486 4758.2802237835 
139789529 140313805 16038.0443428529 
139789529 138740943 9059.4831713115 
139789529 139723976 8401.5281455822 
147916045 145884390 5935.6431310922 
147916045 151192798 684.5573186441 
147916045 147326174 7257.1775473931 
147916045 146539724 5822.0151494737 
147916045 148964555 7807.3034586931 
147916045 145687766 7026.5503313367 
147916045 147588302 11469.2212352400 
147916045 148702430 6154.3397308628 
151192798 154010850 1668.7008825842 
151192798 153355465 3620.8932132875 
151192798 153093339 1793.6717630907 
151192798 150406347 12690.0208688564 
151192798 149423292 13047.4409093786 
151192798 148964555 13839.0237392454 
151192798 151913670 19344.4596982244 
151192798 148702430 8064.1145684394 
147326174 145884390 12749.7634893459 
147326174 146539724 18405.7816769644 
147326174 148243655 43453.1402873912 
147326174 147653814 18556.9120641687 
147326174 148964555 17096.8990631659 
147326174 145687766 17528.8169437866 
147326174 147588302 43794.5459453249 
147326174 148702430 14557.7574923267 
144311509 145884390 10079.3750437472 
144311509 142673079 2095.0111439217 
144311509 145097927 21370.5336946322 
144311509 143131870 21720.3780416619 
144311509 146539724 11513.8477352917 
144311509 145687766 21884.8146405913 
144311509 142083277 4029.8539714470 
144311509 143787200 3571.0697203533 
145097927 145884390 8783.2119222641 
145097927 144311509 12595.2215802832 
145097927 143131870 11521.7157017895 
145097927 146539724 17887.4216983598 
145097927 146212013 15524.2312271206 
145097927 145687766 25760.7325521412 
145097927 143721646 3511.8666157193 
145097927 143787200 3844.4023298700 
147391609 147719283 58620.3239675232 
147391609 147129468 92593.2432001596 
147391609 146343027 11748.8544685747 
147391609 146998387 66888.3714327162 
147391609 147391623 28476.1644149571 
147391609 147784835 22227.9440041318 
147391609 148243582 24659.8440572009 
147391609 146998402 47746.4292445135 
151389356 153617586 2334.2683385518 
151389356 153158825 2637.8746093088 
151389356 150013082 10047.0980375684 
151389356 149423292 16708.6090687592 
151389356 151913670 18724.6136568458 
151389356 152896697 14181.4824371225 
151389356 152306855 11738.4024070974 
151389356 150340788 16134.2433679419 
147719283 147391609 44827.7790177056 
147719283 147129468 36817.8444837247 
147719283 146998387 51827.6686428065 
147719283 147391623 19391.3458582040 
147719283 147784835 16189.1419282042 
147719283 148243582 25182.7390467757 
147719283 146998402 27882.1905868826 
147719283 148964467 10974.8117331622 
143131870 144311509 11684.4853651780 
143131870 145097927 10516.4441520905 
143131870 141755644 1543.9400021749 
143131870 141296837 3643.6317310250 
143131870 140707031 3805.5832177223 
143131870 141165793 3835.0197666731 
143131870 142083277 5953.1561890396 
143131870 143787200 2540.1030271362 
150013082 148047008 7408.6962688090 
150013082 148767914 15696.6691942627 
150013082 151389356 13789.8914013475 
150013082 148374672 19129.2563853520 
150013082 149685379 11128.8904850871 
150013082 149750906 7336.6061644920 
150013082 151979147 3041.5138489243 
150013082 150340788 10797.4779624138 
150406347 151192798 2057.2754324112 
150406347 151389356 11045.5636000171 
150406347 149423292 26665.2700205909 
150406347 148243655 35757.9253741172 
150406347 148964555 24524.2232468720 
150406347 151913670 22050.1553193240 
150406347 148702430 9394.1767143398 
150406347 150340788 12405.0183079799 
146539724 145884390 10475.1086775430 
146539724 147326174 16114.1746360998 
146539724 145097927 17681.5837905977 
146539724 146212013 15285.3650035688 
146539724 148243655 44841.9836906442 
146539724 147653814 27059.9760092310 
146539724 145687766 27714.5330157088 
146539724 147588302 45752.5814079068 
146801812 148047008 10042.5902711093 
146801812 145622157 21921.2856377829 
146801812 147391623 25297.3727051345 
146801812 145622165 16330.7982623318 
146801812 146211976 26862.3812049156 
146801812 147784835 11505.8285855155 
146801812 146998402 28378.5384665094 
146801812 147260581 9338.4737329134 
144180359 143590540 6022.0238094412 
144180359 144508054 44171.5825165837 
144180359 144245899 111207.8132050007 
144180359 143328391 10230.3706650700 
144180359 143197327 5162.8005546721 
144180359 142935175 2709.5786281710 
144180359 143393925 7972.8854465711 
144180359 143524999 11246.9788465110 
146212013 148047008 7344.4657365852 
146212013 145097927 12656.7542540187 
146212013 146801812 15133.6799448973 
146212013 147653814 31817.2069130632 
146212013 145097876 14246.5126568950 
146212013 145622165 11421.4376403521 
146212013 147260581 9683.3953500948 
146212013 145163424 14152.2069662594 
149423292 148767914 18859.1534884761 
149423292 151389356 11289.4175631470 
149423292 150406347 13478.0189829566 
149423292 148243655 55827.7768226149 
149423292 147653814 27454.0194767667 
149423292 148964555 31928.5163292445 
149423292 147588302 22058.4986084299 
149423292 150340788 17902.9623546012 
148243655 148767914 12898.0254927475 
148243655 147326174 12944.4257018601 
148243655 146539724 15257.8252346438 
148243655 149423292 26927.6094253520 
148243655 147653814 38921.0694366296 
148243655 148964555 45746.0119039949 
148243655 147588302 59832.8041318973 
148243655 148702430 12387.1093091644 
147653814 148047008 9836.6832815883 
147653814 148767914 18780.6975503669 
147653814 146539724 14329.2993902334 
147653814 146212013 20427.7613004125 
147653814 149423292 20608.3457955194 
147653814 148243655 60572.3599785437 
147653814 147588302 30086.0881453427 
147653814 147260581 9522.9416550554 
148964555 147326174 11212.1664094931 
148964555 150406347 13162.3480995562 
148964555 149423292 33902.8939728716 
148964555 148243655 100707.9617771408 
148964555 147653814 25997.1275074314 
148964555 147588302 34825.0230161584 
148964555 148702430 15305.9651536406 
148964555 150340788 9260.2535317996 
147129468 147391609 69577.6499247825 
147129468 147719283 36178.4378521722 
147129468 146343027 13361.8525774049 
147129468 146998387 61515.0878133266 
147129468 147391623 34031.1756208922 
147129468 147784835 21291.2001237822 
147129468 146277501 37720.2784424066 
147129468 146998402 81008.3496534218 
145687766 145884390 17831.9440452114 
145687766 147326174 13521.8816869428 
145687766 144311509 11234.0786679588 
145687766 145097927 22436.8741971507 
145687766 143131870 11060.3397813887 
145687766 146539724 24419.5857023894 
145687766 147588302 24605.5022061785 
145687766 143787200 2234.2047959722 
146343027 147391609 20679.9357698199 
146343027 147719283 22033.2377677210 
146343027 147129468 31298.9578600043 
146343027 146998387 56954.8703667214 
146343027 147391623 15649.4046239415 
146343027 146211976 19089.1880810475 
146343027 146277501 48588.1240646822 
146343027 146998402 28758.1365162808 
144508054 143590540 3619.5421985367 
144508054 144180359 73346.0860849326 
144508054 145097876 46567.4896478413 
144508054 145622157 21997.0684148737 
144508054 144245899 39854.4629631250 
144508054 145622165 17285.4191429001 
144508054 145163424 20528.3750190932 
144508054 143262874 4180.8060724545 
145097876 143590540 2566.3777457231 
145097876 144180359 60971.7965268055 
145097876 144508054 75969.7809920602 
145097876 145622157 39549.3912629339 
145097876 144245899 29703.2453364323 
145097876 145622165 36243.6770554172 
145097876 146211976 19448.2831049703 
145097876 145163424 23958.1839956598 
146998387 147391609 41320.9711281355 
146998387 147719283 41868.0335060067 
146998387 147129468 50572.1114439819 
146998387 146343027 19989.2778253480 
146998387 147391623 19148.6574083685 
146998387 147784835 13015.1362438919 
146998387 146277501 33034.5057047876 
146998387 146998402 34473.4714151512 
145622157 146801812 20908.1444059734 
145622157 144508054 36559.7805096800 
145622157 145097876 40292.1581366347 
145622157 144245899 22343.4488579766 
145622157 145622165 36208.2254498605 
145622157 146211976 39110.2763038346 
145622157 146277501 26052.7286151177 
145622157 145163424 14313.9862575684 
144245899 143590540 6179.3239404026 
144245899 144180359 275857.8810671466 
144245899 144508054 59537.8395697202 
144245899 145097876 27199.5653911038 
144245899 143328391 9140.6272540682 
144245899 143197327 5328.5569727520 
144245899 143393925 6778.9394683350 
144245899 143524999 9619.6263566579 
147391623 147391609 25120.0102652073 
147391623 146801812 25390.7547423056 
147391623 147129468 39950.7386387803 
147391623 146211976 22461.6465832590 
147391623 147784835 35846.9019972563 
147391623 148243582 21738.4778695041 
147391623 148374672 29309.7615683224 
147391623 146998402 66006.5784123764 
147588302 147326174 20971.6023465771 
147588302 146539724 25024.9598269193 
147588302 149423292 17103.0427696554 
147588302 148243655 96181.0079007452 
147588302 147653814 31076.0606647645 
147588302 148964555 25429.0895492648 
147588302 145687766 15274.2288688113 
147588302 148702430 12904.3490855720 
145622165 146801812 22430.2377642534 
145622165 146212013 18728.6467789733 
145622165 144508054 41370.9679817822 
145622165 145097876 53172.8540711647 
145622165 145622157 52141.5856449351 
145622165 144245899 20259.9090709208 
145622165 146211976 25487.0453995458 
145622165 145163424 22203.6401546357 
146211976 146801812 26762.4349657201 
146211976 147129468 25510.8211173082 
146211976 145097876 20696.3443381613 
146211976 145622157 40852.8661620040 
146211976 147391623 22295.7720456737 
146211976 145622165 18487.3279921059 
146211976 146277501 44251.6500030313 
146211976 146998402 38697.4427655626 
147784835 147391609 30149.9012263556 
147784835 147719283 28715.1720009238 
147784835 147129468 38432.2916981093 
147784835 146998387 28576.9201063163 
147784835 147391623 55118.8194818743 
147784835 148243582 39718.1782121833 
147784835 148374672 32306.4503767226 
147784835 146998402 43109.9414879513 
146277501 147391609 20255.6067168267 
146277501 147129468 36045.8011386209 
146277501 146343027 19821.9658081053 
146277501 146998387 38398.8455222553 
146277501 145622157 22317.0028199122 
146277501 147391623 20342.8999225677 
146277501 146211976 36289.4573798974 
146277501 146998402 42907.0767087888 
148243582 147391609 25350.6110295459 
148243582 147719283 33853.3820784548 
148243582 147129468 27511.5326389845 
148243582 147391623 25333.1337754052 
148243582 147784835 30102.3794765077 
148243582 148374672 28169.0751808969 
148243582 146998402 26811.5211096354 
148243582 148964467 13368.5104318079 
151913670 153355465 6385.5477407668 
151913670 153093339 1856.7191522676 
151913670 151192798 1747.2137556888 
151913670 151389356 13945.1554249812 
151913670 150406347 12284.8818911743 
151913670 152896697 18832.1639199975 
151913670 152306855 5485.8295074214 
151913670 150340788 9642.3063019671 
148374672 148047008 13357.2257036935 
148374672 148767914 14525.0480320459 
148374672 146801812 16634.0186381683 
148374672 147391623 22945.7034588448 
148374672 147784835 16448.6422650150 
148374672 148243582 18923.5187571051 
148374672 146998402 20644.2991754561 
148374672 149685379 11030.9870860102 
146998402 147391609 32488.8350722360 
146998402 147129468 73355.4805107601 
146998402 146343027 11117.3254933164 
146998402 146998387 37971.5531936367 
146998402 147391623 50914.5771679862 
146998402 146211976 30071.5809928547 
146998402 147784835 21626.3922189067 
146998402 146277501 40658.5527661735 
131532078 130680066 809.2364963067 
131532078 132318481 379.3509425723 
131532078 129631528 63.6307336356 
131532078 129500422 856.5219639307 
131532078 132187468 201.3092138342 
131532078 128976145 1888.3997780514 
131532078 132383998 744.8341546883 
131532078 128386355 248.5820647799 
140575940 139592885 3459.0906020999 
140575940 140969147 10456.8340794500 
140575940 141755577 4290.9823432361 
140575940 141296837 12380.6927777513 
140575940 140707031 7284.2201686230 
140575940 140641486 7913.0785581028 
140575940 140313805 23309.3040696856 
140575940 139723976 10704.5151961491 
147260581 148047008 17349.5232350171 
147260581 148767914 16652.9093875985 
147260581 146801812 21837.2748627031 
147260581 146212013 27033.9412209890 
147260581 147653814 41408.9390125287 
147260581 147391623 13314.4389398671 
147260581 145622165 9929.1286462931 
147260581 148374672 18992.7518318054 
138609894 139789529 6368.4849897729 
138609894 140707031 4042.0455208218 
138609894 141165793 2946.8354281630 
138609894 140313805 6483.4565770202 
138609894 138740943 7279.4878743278 
138609894 139723976 4188.6574878949 
138609894 137037019 9401.1478490233 
138609894 138937597 2978.9949630093 
141755644 139789529 3059.3506443691 
141755644 143131870 11838.8475001351 
141755644 140707031 3479.3653237214 
141755644 141165793 3958.3138545540 
141755644 140641486 1641.1778542154 
141755644 142083277 2912.9100558927 
141755644 138937597 1699.0197022271 
141755644 142607644 197.0484436179 
135267536 135660794 1014.1133248319 
135267536 133170355 2062.6155127841 
135267536 134218936 5784.5237440427 
135267536 133367010 6169.7814931769 
135267536 136643779 11147.9109162058 
135267536 135660716 849.0782011538 
135267536 137037019 8496.8758964489 
135267536 135333074 261254.1214228153 
141296837 140969147 10099.6637717354 
141296837 141755577 6440.7303603345 
141296837 140575940 6729.5792998386 
141296837 140707031 6947.4589483312 
141296837 140641486 5997.7659379233 
141296837 140313805 13750.3573754256 
141296837 139723976 6051.0685379185 
141296837 142083277 9638.0660738666 
140707031 139789529 10041.7058268202 
140707031 140575940 3828.8557697607 
140707031 141296837 6718.4480608985 
140707031 141165793 9235.0592554196 
140707031 140641486 8772.6104430575 
140707031 140313805 19776.2849937138 
140707031 139723976 6833.0578247214 
140707031 142083277 6023.6711039419 
145163424 146801812 14601.7484689755 
145163424 146212013 23406.9184200829 
145163424 144508054 49556.9745323855 
145163424 145097876 35452.4342268140 
145163424 145622157 20790.8398695610 
145163424 144245899 18608.0848243159 
145163424 145622165 22395.3897286738 
145163424 143721646 4401.2546784516 
141165793 139789529 6328.6663441521 
141165793 143131870 14632.4668563063 
141165793 141755644 1969.6141788196 
141165793 141296837 4802.1443293322 
141165793 140707031 11465.4665163184 
141165793 140641486 3893.1371698343 
141165793 140313805 9726.7693055630 
141165793 142083277 5674.1053750750 
139003064 139592885 7731.3570345104 
139003064 140575940 2771.0195984987 
139003064 140313805 8020.8460617157 
139003064 138740943 7202.0368047290 
139003064 139723976 7418.9965690778 
139003064 137823414 3514.8013631317 
139003064 138151104 11858.6029103317 
139003064 139003036 3477.9333919043 
157287553 155649134 2156.5732753453 
157287553 156107943 1738.1877254137 
157287553 154469533 2048.2761985983 
157287553 158794907 640.8688419356 
157287553 159188083 1690.5168047014 
157287553 156107885 2859.9528841857 
157287553 154797195 2455.8451303152 
157287553 155255969 1469.5355150124 
140641486 140969147 5756.8879770127 
140641486 139789529 8253.3570769292 
140641486 140575940 7241.7595963175 
140641486 141296837 10098.2279860379 
140641486 140707031 15273.6040445219 
140641486 141165793 5459.5939650609 
140641486 140313805 45408.6091431285 
140641486 139723976 9565.3924772711 
140313805 140969147 5513.2136260060 
140313805 139789529 9666.3783833749 
140313805 140575940 7412.4144619510 
140313805 141296837 8044.5435094818 
140313805 140707031 11964.3513005573 
140313805 140641486 15778.6542919399 
140313805 138740943 7143.4413822806 
140313805 139723976 14075.1366560653 
138740943 139789529 7480.6062705791 
138740943 138609894 9103.2736962801 
138740943 139003064 2912.3130079419 
138740943 140641486 2825.4347288138 
138740943 140313805 9786.5242897807 
138740943 139723976 8803.1996195932 
138740943 138151104 10279.9151338240 
138740943 137037019 8641.5265345454 
139723976 139592885 3804.7260089110 
139723976 139789529 8134.4415638978 
139723976 140575940 5468.3268623420 
139723976 140707031 6640.7421254779 
139723976 139003064 3517.7418573543 
139723976 140641486 5339.3898436123 
139723976 140313805 22610.4755025736 
139723976 138740943 10322.3036985388 
137823414 139592885 2738.7806822372 
137823414 137036973 9437.6353479859 
137823414 136643779 12345.3553454412 
137823414 139003064 3809.4932955966 
137823414 138740943 5897.2809810496 
137823414 138151104 15994.9901926607 
137823414 137561239 5068.2885743114 
137823414 139003036 3094.0798617356 
142083277 142673079 3416.0196831524 
142083277 141755577 4335.6742379404 
142083277 143131870 18556.7849793281 
142083277 140575940 3021.3520382326 
142083277 141296837 9453.4522365779 
142083277 140707031 6109.6848819291 
142083277 141165793 4635.5675401820 
142083277 140641486 3717.0563558774 
158794907 156107943 1726.2584419143 
158794907 158336214 2039.4062722888 
158794907 157549757 899.0163549686 
158794907 157287553 1776.5589145585 
158794907 159188083 1342.1452470855 
158794907 156107885 1252.7693955291 
158794907 154797195 1535.1193249831 
158794907 155255969 1213.6548328354 
138151104 139592885 3000.5706131834 
138151104 137036973 5555.6768063753 
138151104 136643779 11908.5034846683 
138151104 139003064 4499.1600707441 
138151104 138740943 9645.0555593752 
138151104 139723976 5771.9404985217 
138151104 137823414 5599.0644760482 
138151104 137037019 7645.6740299711 
159188083 155649134 1251.2471727317 
159188083 156107943 1045.7029570710 
159188083 157549757 447.8805878996 
159188083 157287553 1915.1073047671 
159188083 158794907 548.4823813099 
159188083 156107885 1629.0892650687 
159188083 154797195 1355.9239957690 
159188083 155255969 867.2798574994 
143328391 143590540 9597.5199417385 
143328391 142541956 19131.6685212549 
143328391 144180359 89580.1276411315 
143328391 143197327 10518.7656899426 
143328391 142935175 8475.8774373702 
143328391 143393925 41543.4908616156 
143328391 143524999 36572.4265721534 
143328391 142935180 9949.4591248104 
143197327 143590540 9198.4984266963 
143197327 142345361 11536.4790250771 
143197327 143328391 15955.9865684716 
143197327 142935175 5690.9342107507 
143197327 143393925 9226.0543699996 
143197327 143524999 11861.7282876939 
143197327 142935180 15434.7721277806 
143197327 143262874 7252.7996734848 
143721646 142673079 4457.1933561065 
143721646 142279852 3962.1232708045 
143721646 142410913 2854.6577712287 
143721646 144508054 26141.6775451156 
143721646 145163424 11217.2026696237 
143721646 142869675 3892.8241115910 
143721646 143262874 3802.9267785790 
143721646 143787200 4434.0301512476 
142935175 143590540 5551.4379748483 
142935175 142541956 34989.4832398730 
142935175 142476419 5315.5728194227 
142935175 143328391 21953.4459617667 
142935175 143197327 9717.2352229341 
142935175 143393925 13240.5264801684 
142935175 143524999 12481.7318737380 
142935175 142935180 15361.9295909543 
143393925 143590540 8077.7008263097 
143393925 142541956 18161.0523511756 
143393925 144180359 95638.5453893627 
143393925 143328391 56911.5111363954 
143393925 143197327 8332.0958806270 
143393925 142935175 7003.0036514509 
143393925 143524999 38585.3867369934 
143393925 142935180 7866.9428973133 
156107885 153945202 2526.7592662266 
156107885 155649134 9466.8890052343 
156107885 154469533 1934.1060996818 
156107885 157287553 2286.3612886038 
156107885 159188083 1149.6277573814 
156107885 154797195 2664.0333617161 
156107885 152568938 2030.4050106297 
156107885 155255969 1217.5984050688 
142869675 142673079 6524.6073468562 
142869675 142279852 9593.4676088650 
142869675 142345361 5563.3583853841 
142869675 141755577 4092.6687080618 
142869675 142410913 5527.0618696888 
142869675 143721646 8605.2094127397 
142869675 143262874 4465.8594219590 
142869675 143787200 3188.3218168250 
143524999 143590540 11972.8386507205 
143524999 144180359 116165.2166920709 
143524999 144245899 40054.2253656292 
143524999 143328391 43139.3599780448 
143524999 143197327 9223.7816075824 
143524999 142935175 5684.2966984332 
143524999 143393925 33223.5203492282 
143524999 142935180 7581.6623586045 
154797195 153945202 2985.2484927172 
154797195 155649134 2127.0175429556 
154797195 154207401 2460.1605235083 
154797195 156107943 2126.3951920199 
154797195 154141858 2453.3278794080 
154797195 154469533 5577.9858281857 
154797195 156107885 2135.7291562966 
154797195 155255969 2820.6515972114 
142935180 143590540 6210.7939800950 
142935180 142541956 23535.0950545172 
142935180 142345361 14676.6747266196 
142935180 143328391 16894.8238125290 
142935180 143197327 17278.0822129671 
142935180 142935175 10071.2165353356 
142935180 143393925 9751.3122322795 
142935180 143524999 10914.3710379458 
143262874 143590540 4166.3030868749 
143262874 142345361 9119.8530990124 
143262874 142410913 4595.3976043956 
143262874 144508054 36317.5217763895 
143262874 143328391 6963.8134622604 
143262874 143197327 7876.1986473557 
143262874 142869675 2852.3728218836 
143262874 142935180 5245.3301892919 
143787200 142673079 4264.3397068683 
143787200 142279852 2861.9235009915 
143787200 141755577 2863.8771810342 
143787200 144311509 10272.9460068960 
143787200 145097927 18764.4164929330 
143787200 142083277 4808.7230898859 
143787200 143721646 6297.4465751292 
143787200 142869675 2048.4781631928 
148702430 151192798 1245.8711801551 
148702430 147326174 16951.7642218138 
148702430 150406347 8952.5153096975 
148702430 146539724 10743.6926203701 
148702430 149423292 15736.9674795571 
148702430 148243655 48420.4446547455 
148702430 148964555 27177.4656710623 
148702430 147588302 31379.4219823460 
138216588 137430155 5765.2119101585 
138216588 138347641 21971.2547445348 
138216588 138347649 7407.1140118519 
138216588 137561239 10653.5099314160 
138216588 137299070 4777.1438374881 
138216588 137954428 4775.9988333003 
138216588 136905868 3773.3795230408 
138216588 138806409 5974.3885264098 
136905859 137430155 6108.6511470774 
136905859 138216588 4813.9611662228 
136905859 136250489 3718.7837095318 
136905859 137299070 12011.3052931962 
136905859 135529607 2377.1586748176 
136905859 137954428 4530.1529573810 
136905859 136381580 11327.5177734196 
136905859 136905868 8270.3021403344 
138347641 139789435 10984.4381399111 
138347641 137430155 3042.0067788192 
138347641 138216588 5492.7940131651 
138347641 138347649 10310.4668592687 
138347641 137299070 5643.5404885056 
138347641 138937466 8450.1469426074 
138347641 137954428 11669.2525609549 
138347641 138806409 3244.6225061124 
138347649 137430155 4033.8848655892 
138347649 138216588 9350.1413048382 
138347649 136905859 3568.3672425864 
138347649 138347641 52060.5823969145 
138347649 137299070 5815.0334778133 
138347649 138937466 6719.1937239503 
138347649 137954428 10039.1083928594 
138347649 138806409 5318.8785514422 
135529629 134153372 12061.0269310842 
135529629 134677645 2828.3113117239 
135529629 135398544 9745.5396108212 
135529629 135660716 2038.6880157302 
135529629 136512668 3292.3940925950 
135529629 135529607 2296.6904513904 
135529629 136381580 6401.0624351233 
135529629 136905868 2791.7072022184 
136250489 135201916 1646.0563929764 
136250489 135332977 1249.1603596988 
136250489 137430155 2728.2872373236 
136250489 136905859 5541.7142192182 
136250489 137299070 5643.5404885057 
136250489 135529607 2840.3775227831 
136250489 136381580 7143.1705921510 
136250489 136905868 3495.0371614604 
137561239 137430155 5667.8467907364 
137561239 137036973 6012.1457909441 
137561239 138216588 7073.5357808816 
137561239 136905859 3511.1162165147 
137561239 139003036 4352.9038464662 
137561239 136512668 2950.5576847217 
137561239 136381580 6511.3609493059 
137561239 136905868 5049.1679547636 
135398544 134153372 11243.3186092457 
135398544 135201916 1321.0829652125 
135398544 134677645 5110.8080069120 
135398544 135529629 1295.9947332636 
135398544 136512668 2373.0866874361 
135398544 135529607 5445.4012231379 
135398544 136381580 8841.4438061858 
135398544 136905868 3235.6097876219 
135660716 134153372 9041.1293304432 
135660716 134218936 6692.2324821192 
135660716 137036973 6776.5224494443 
135660716 136643779 9922.5417482975 
135660716 135529629 1127.6420668018 
135660716 135398544 4551.7842921498 
135660716 136512668 2392.0918906158 
135660716 136381580 4047.1333874152 
139003036 140248201 19178.5993493348 
139003036 139920531 14402.6798641550 
139003036 139592885 2743.5715611365 
139003036 139003064 2428.6000587945 
139003036 138216588 5264.4615616960 
139003036 138347649 2895.3002638544 
139003036 137561239 7076.9271644883 
139003036 138806409 2945.5550500638 
137299070 137430155 5245.3911294375 
137299070 136905859 9979.6428059854 
137299070 138347641 25125.9218998613 
137299070 138347649 5127.3372981514 
137299070 136250489 3146.5398087760 
137299070 137954428 7726.1787985020 
137299070 136381580 6914.7238520349 
137299070 136905868 4915.1903470413 
136512668 137430155 3153.6318517282 
136512668 137036973 7488.7329441979 
136512668 135529629 1146.6578622271 
136512668 137561239 9505.1108366078 
136512668 135398544 6214.9594133098 
136512668 135660716 1506.1887492894 
136512668 136381580 8455.3324907126 
136512668 136905868 4385.1204391238 
138937466 140248201 20593.1376981518 
138937466 139789435 18549.2531834586 
138937466 138216588 4984.7726997856 
138937466 138347641 46263.1147379330 
138937466 138347649 7285.4616910805 
138937466 137299070 3746.1056158394 
138937466 137954428 5223.7360509738 
138937466 138806409 3738.0617330209 
135529607 135201916 2205.0263370870 
135529607 134677645 4071.7584431418 
135529607 134481016 443.6692766960 
135529607 136905859 3687.9326638010 
135529607 136250489 2957.0432205660 
135529607 135398544 13856.9131873808 
135529607 136381580 9835.1481059504 
135529607 136905868 3494.5656662174 
137954428 137430155 4070.5641801333 
137954428 138216588 6359.0574047612 
137954428 136905859 4502.5379018300 
137954428 138347641 62148.8532721579 
137954428 138347649 10588.9898504383 
137954428 137299070 9242.3939112433 
137954428 138937466 5081.6025790223 
137954428 138806409 3089.1877841512 
136381580 137430155 4340.2101492107 
136381580 136905859 6502.0906649379 
136381580 136250489 2751.4782533339 
136381580 135398544 8324.4061267512 
136381580 137299070 4777.1438374881 
136381580 136512668 3039.7373897452 
136381580 135529607 3638.9355340527 
136381580 136905868 9357.5158244619 
136905868 137430155 8572.3825380589 
136905868 138216588 5286.2442505786 
136905868 136905859 8648.7648929462 
136905868 136250489 2452.6823578243 
136905868 137561239 10653.5099314160 
136905868 137299070 6186.5462643254 
136905868 136512668 2872.1118448501 
136905868 136381580 17048.0620326028 
138806409 139920531 12153.8860428374 
138806409 139789435 11805.1314949662 
138806409 138216588 11067.3468398555 
138806409 138347641 24042.2872356798 
138806409 138347649 7805.5046627468 
138806409 139003036 5054.8434563263 
138806409 138937466 5059.2654496048 
138806409 137954428 4297.9942847062 
137037019 135660794 1159.9355497660 
137037019 136643779 10968.9763410081 
137037019 138609894 8161.5523444512 
137037019 135267536 5754.0134629589 
137037019 138740943 5999.0928272031 
137037019 137823414 1618.0349731279 
137037019 138151104 5657.1238663945 
137037019 135333074 22593.3401220162 
135333074 135660794 1067.0351474388 
135333074 133170355 1967.1895147989 
135333074 134218936 5372.1525410444 
135333074 133367010 6204.9968622012 
135333074 136643779 10995.6971849848 
135333074 135267536 70575.3918393185 
135333074 135660716 808.4843023024 
135333074 137037019 9012.7845482047 
152568938 153945202 3745.1917388858 
152568938 155649134 1437.4037700709 
152568938 154797195 2030.5084527376 
152568938 149685379 5202.8710631201 
152568938 149750906 5177.1175580727 
152568938 151979147 2963.4230403856 
152568938 150471771 2328.5978398062 
152568938 150602856 11661.4928165234 
152896697 154207401 3031.6319359775 
152896697 153617586 6132.7577897381 
152896697 153158825 4279.7782515406 
152896697 153355465 7962.8835314983 
152896697 154469565 1997.7510666178 
152896697 151389356 14505.9964997632 
152896697 151913670 25865.1897789720 
152896697 152306855 8610.9197957301 
152306855 154207401 2682.4681400693 
152306855 153617586 3512.8194320767 
152306855 153158825 5421.1137359149 
152306855 154141858 2186.9372997314 
152306855 151389356 25698.6908710326 
152306855 151913670 16126.2660150270 
152306855 152896697 18430.0118284714 
152306855 151979147 3561.4547200556 
149685379 150013082 11722.0512085816 
149685379 147784835 9028.1208405883 
149685379 148243582 15285.5462423393 
149685379 148374672 21519.3015113100 
149685379 149750906 25905.2901264149 
149685379 148964467 10718.5259295504 
149685379 149226603 12062.9880887803 
149685379 150602856 11510.5101162115 
149750906 147719283 14588.2581218812 
149750906 147784835 8352.2484015998 
149750906 148243582 14766.5884797868 
149750906 148374672 16862.2475395541 
149750906 149685379 28708.7994368757 
149750906 148964467 14969.9487178837 
149750906 149226603 17711.8627920767 
149750906 150602856 15751.0317187416 
151979147 153945202 2160.5440085663 
151979147 153158825 2028.0229059143 
151979147 151389356 11090.7889172967 
151979147 150013082 8290.2620037125 
151979147 152568938 3199.0505297564 
151979147 152306855 6085.8898018790 
151979147 149685379 7349.6840433025 
151979147 149750906 6255.2083085782 
150471771 147719283 9575.4182410494 
150471771 148243582 7059.2741295872 
150471771 152568938 3100.2178359536 
150471771 149685379 6284.4036656604 
150471771 149750906 7194.6464642355 
150471771 148964467 6272.7530818300 
150471771 149226603 12150.0694321269 
150471771 150602856 26472.0546405415 
148964467 147391609 14316.0248761041 
148964467 147719283 24339.3710618067 
148964467 147784835 10828.2712816667 
148964467 148243582 22054.4481090353 
148964467 149685379 13492.8949005329 
148964467 149750906 17004.4980435823 
148964467 149226603 33468.4340384976 
148964467 150602856 12832.8275572567 
149226603 147391609 11312.8735442595 
149226603 147719283 18998.9527074637 
149226603 148243582 14198.1341619861 
149226603 149685379 10480.2348605706 
149226603 149750906 13885.2525965333 
149226603 150471771 3307.4850529625 
149226603 148964467 23098.3753371467 
149226603 150602856 16503.9408349727 
132121750 131138718 6741.4500038808 
132121750 133694617 1481.6298175622 
132121750 133366928 445.7260097268 
132121750 133104773 6875.8291565497 
132121750 133891211 1612.8314614352 
132121750 132777101 1166.9655575183 
132121750 131859620 14155.8843624402 
132121750 132908187 12095.0443637837 
150602856 148243582 8171.5229252970 
150602856 152568938 3645.4756798302 
150602856 149685379 8625.6909261792 
150602856 149750906 10650.7884097339 
150602856 151979147 2486.8423389668 
150602856 150471771 6215.6991607412 
150602856 148964467 7639.2655247705 
150602856 149226603 14235.4389608348 
150340788 148767914 15085.2715781149 
150340788 151389356 21385.1325559665 
150340788 150013082 10427.1462128173 
150340788 150406347 12300.1268925605 
150340788 149423292 35120.2018105165 
150340788 148964555 17107.9096532065 
150340788 151913670 17160.6515545166 
150340788 152306855 5359.7437312338 
138937597 135660794 894.1116664332 
138937597 139789529 3645.3895173298 
138937597 138609894 8942.2086119655 
138937597 141755644 1354.7557378851 
138937597 140707031 3027.7420161386 
138937597 141165793 2606.1244506324 
138937597 138740943 3653.9672792512 
138937597 137037019 5505.8443653462 
131859620 130811052 8855.3375735687 
131859620 131925177 4280.7874659156 
131859620 131138718 9135.4106960214 
131859620 133170355 3549.5723311947 
131859620 131204272 11590.3041723982 
131859620 132777101 584.2782638299 
131859620 132121750 9361.1621705890 
131859620 132908187 8587.8572793900 
132908187 134153372 13317.1898886630 
132908187 133694617 2933.8012325326 
132908187 133366928 675.6963186892 
132908187 133104773 6997.9601992864 
132908187 133891211 2135.0984934643 
132908187 132777101 1105.7429414100 
132908187 132121750 10552.9930689381 
132908187 131859620 11330.7913655388 
142607644 145884390 4038.8810378514 
142607644 147916045 714.4074711776 
142607644 144311509 3068.8678742582 
142607644 143131870 6871.0524929325 
142607644 141755644 1629.0517523288 
142607644 140707031 1877.6000242666 
142607644 141165793 1795.5783965130 
142607644 138937597 1137.5643030010 
133760251 135660794 1540.4109048693 
133760251 130680066 810.6257348166 
133760251 132318481 388.0673862868 
133760251 133367010 8039.0144872417 
133760251 132383998 1805.7241200750 
133760251 135333074 12905.3875779874 
133760251 131400952 1013.4375689281 
133760251 131990768 905.2843424245 
131400952 130680066 2530.1555524071 
131400952 132318481 416.3263792580 
131400952 130024695 8108.2023657402 
131400952 129500422 1363.2593732431 
131400952 131138783 3096.5223728432 
131400952 132383998 2354.1301190510 
131400952 133760251 930.2429894644 
131400952 131990768 2154.4822575272 
131990768 130680066 1401.5732676037 
131990768 132318481 354.2802740847 
131990768 130024695 5523.4205763967 
131990768 133367010 8360.2144524025 
131990768 131138783 3700.5519273273 
131990768 132383998 2425.5921467111 
131990768 133760251 1143.8215905072 
131990768 131400952 2965.6288440341 
128255209 127861993 52405.8713912210 
128255209 130024695 5554.2958487268 
128255209 128713955 8956.4476112942 
128255209 129172705 9045.9456614273 
128255209 128713937 2226.9248179086 
128255209 128910570 16356.1326961920 
128255209 129762515 3610.7336328333 
128255209 128976114 6594.7065861699 
131925187 130548925 5419.9899175076 
131925187 130811052 5526.5140254435 
131925187 131925177 8949.1331805187 
131925187 133170355 3578.0071212781 
131925187 131204272 8253.3570427097 
131925187 129762515 3145.4381246693 
131925187 131138783 2582.9137248479 
131925187 131859620 6666.2499264163 
155255969 154207401 4335.2797089038 
155255969 153617586 2650.8201798821 
155255969 153158825 2170.0470983720 
155255969 156107943 5121.7834290953 
155255969 154141858 3642.1107405641 
155255969 154469565 1573.0359861484 
155255969 154469533 8291.7704911885 
155255969 154797195 4150.8870515727 
128386355 130680066 625.4965426103 
128386355 129631528 84.6210732759 
128386355 130024695 2550.8576344539 
128386355 129500422 889.2055617123 
128386355 128976114 1409.0600004572 
128386355 132187468 106.7156594737 
128386355 128976145 2523.9031324955 
128386355 131532078 236.6340519824 
